#|num|weight|mean|covariance matrix|
|0|0.017209266707|207.386497096 230.748176032 213.039190285|188.269540041 -145.69003736 -69.8713459202 -145.69003736 225.775825399 110.118095344 -69.8713459202 110.118095344 90.7140234951|
|1|0.000878656875094|226.977390298 175.931022252 220.81351546|46.4677932378 -38.2172727982 -25.1788176168 -38.2172727982 214.159482596 -69.4817207667 -25.1788176168 -69.4817207667 471.389197041|
|2|0.00069286242027|201.63412773 189.950116417 163.201166154|158.629662663 -113.389705313 118.026879546 -113.389705313 271.614011508 -118.477720705 118.026879546 -118.477720705 308.852675198|
|3|0.00109552061258|191.736754138 158.323901834 235.935137869|55.3244327324 -10.780477281 -6.03211018099 -10.780477281 192.056040446 46.2064372453 -6.03211018099 46.2064372453 200.797370605|
|4|0.00985953291048|199.92384246 214.60216181 266.109985182|123.065478382 21.6934324532 -5.08687938034 21.6934324532 46.3637666042 14.2545127635 -5.08687938034 14.2545127635 24.8485759319|
|5|0.0042358586865|168.651363552 219.8335535 188.635980663|52.8546622504 -34.4295277576 -11.6936854074 -34.4295277576 58.6872439332 -6.10305814004 -11.6936854074 -6.10305814004 69.357409238|
|6|0.0026274966978|194.444336815 172.707701384 243.532680612|63.7451093773 -46.79860916 26.5571403215 -46.79860916 204.293776633 7.25588548515 26.5571403215 7.25588548515 102.346653636|
|7|0.00601711921331|202.615388237 154.209832548 244.413513387|117.345425872 17.7129212245 28.3185346419 17.7129212245 105.063576054 31.5127728391 28.3185346419 31.5127728391 65.8487482739|
|8|0.000902118704759|189.645077182 227.837261466 182.530630908|73.3145866272 -41.6584811801 35.5382249266 -41.6584811801 84.6414203982 -73.840547676 35.5382249266 -73.840547676 451.409372351|
|9|0.00329037176257|221.665967682 168.129138543 132.726535387|79.089077962 4.93351150108 -15.5110557536 4.93351150108 20.6998431517 0.0826726392677 -15.5110557536 0.0826726392677 76.6774535778|
|10|0.00218203980582|211.277625002 198.092457526 217.29405271|89.1636319038 -22.102651519 -42.6383588693 -22.102651519 70.7366172462 55.258234071 -42.6383588693 55.258234071 248.017350889|
|11|0.00442579363955|196.580039891 199.335388044 226.699638312|74.2079275305 41.3175026608 -70.0916544289 41.3175026608 100.041554916 31.8443220428 -70.0916544289 31.8443220428 213.105916588|
|12|0.00121035849715|205.090471342 189.884714211 150.010204616|151.695220139 -29.712459378 131.751001583 -29.712459378 166.414754521 -143.805640757 131.751001583 -143.805640757 289.468878817|
|13|0.00170617655084|196.363962485 181.165324751 253.705862412|77.5567297727 -53.1709223335 21.2666743308 -53.1709223335 223.449803394 -19.9756787235 21.2666743308 -19.9756787235 100.106882623|
|14|0.00296990098108|235.294742454 185.002957777 179.767375319|24.8725392529 -60.7004662341 40.0903474625 -60.7004662341 226.301015222 -158.345112063 40.0903474625 -158.345112063 229.550371758|
|15|0.000979564701673|203.49204155 161.383116392 190.362890042|38.1794342212 -34.744011644 121.951905665 -34.744011644 182.89347866 -46.9020612045 121.951905665 -46.9020612045 454.467225599|
|16|0.000497030554698|200.493809952 200.968480147 165.777618922|153.135297702 -104.868842582 82.007150267 -104.868842582 298.065532974 -42.6680434988 82.007150267 -42.6680434988 328.482575964|
|17|0.00314570267269|207.411401809 145.092665972 211.221805147|322.703491124 133.853049366 -8.55817242511 133.853049366 120.610192534 -46.2754367661 -8.55817242511 -46.2754367661 69.906094616|
|18|0.00175996845565|223.273291143 167.482137498 235.179206281|45.7342777897 -27.3251483897 -33.9687897623 -27.3251483897 79.1987419818 97.8780617605 -33.9687897623 97.8780617605 223.592916504|
|19|0.00164706402988|220.93849328 152.559812529 220.680966544|96.0853002292 3.14265329265 -9.93545533992 3.14265329265 74.5978239248 -41.8822676909 -9.93545533992 -41.8822676909 357.883433074|
|20|0.00829546527859|200.368986641 171.232073958 218.03300552|108.706186077 -23.6413191525 -48.7227220166 -23.6413191525 31.3984365031 30.7569383371 -48.7227220166 30.7569383371 125.351457934|
|21|0.012257407946|205.769416861 151.040269755 279.600961969|87.8062979365 13.6604146256 29.9735755147 13.6604146256 85.9843718743 19.4566524301 29.9735755147 19.4566524301 42.462085351|
|22|0.00093357561883|217.722364597 195.830430398 216.740536193|76.8165638528 -84.911571019 4.43883706402 -84.911571019 188.214266221 -13.7740473042 4.43883706402 -13.7740473042 326.967110705|
|23|0.0100905069997|178.789503363 233.712872311 191.121813349|56.5909930341 -9.67964292609 12.4314544029 -9.67964292609 217.562474521 2.39624321683 12.4314544029 2.39624321683 43.0752684719|
|24|0.00127906220514|209.431096264 178.818224926 162.039675607|166.885762581 -72.2660296522 135.132190443 -72.2660296522 168.001675579 -113.468209311 135.132190443 -113.468209311 334.486854147|
|25|0.00192536468077|202.340131161 208.068165398 133.134597476|142.216479458 -71.9945667165 190.807631557 -71.9945667165 234.794766968 -213.663029968 190.807631557 -213.663029968 353.322485969|
|26|0.00336822836241|215.28024838 193.966556069 263.068548195|32.6629070271 -30.8937584263 25.0208715573 -30.8937584263 194.109057521 -80.2864849447 25.0208715573 -80.2864849447 80.8519731889|
|27|0.000718743800921|190.014078133 198.417894324 197.511640341|23.2952030183 11.4763006813 40.1860795271 11.4763006813 222.825368367 -199.498967969 40.1860795271 -199.498967969 598.491274215|
|28|0.00929174913702|186.748262871 176.223238989 153.115824874|181.023671533 -178.508009074 152.936104636 -178.508009074 259.684374945 -168.310936397 152.936104636 -168.310936397 220.470219784|
|29|0.000855952031575|220.912698403 159.562627317 193.46349126|95.289268066 -6.75510454858 59.561285935 -6.75510454858 106.871241125 -101.152225873 59.561285935 -101.152225873 480.107949772|
|30|0.000886997742983|213.843565373 189.804413418 168.244337914|139.179040285 -102.674278291 52.7083595551 -102.674278291 278.663740922 -95.5489261158 52.7083595551 -95.5489261158 196.648399267|
|31|0.00117383697711|224.741299181 171.280415929 238.087011378|28.1273475783 -13.7437265498 -13.6330417916 -13.7437265498 198.530872334 -7.77696198661 -13.6330417916 -7.77696198661 148.432271294|
|32|0.000464709779767|214.236902017 194.395425111 191.693451874|132.402743203 -134.761626612 90.1085483498 -134.761626612 310.36940269 -72.6857157047 90.1085483498 -72.6857157047 565.710476778|
|33|0.00330500008607|181.418221057 188.741152015 228.940933809|169.267302328 -316.878318879 -120.654941491 -316.878318879 668.365018066 257.170711039 -120.654941491 257.170711039 108.974157251|
|34|0.000541433729743|189.284245765 212.638803882 166.909818959|64.3330872181 -9.38450499491 67.5487974743 -9.38450499491 171.802791588 13.5390851679 67.5487974743 13.5390851679 402.157383635|
|35|0.00333230196837|214.18863381 203.642457092 173.726372198|301.358592311 -74.7701123402 166.373594391 -74.7701123402 86.8446113111 -38.4274659886 166.373594391 -38.4274659886 110.239645287|
|36|0.012277545988|243.177299421 173.019811086 227.930803818|59.2722455008 -33.6212607041 -5.04364572297 -33.6212607041 82.5553220648 70.1163832191 -5.04364572297 70.1163832191 140.282474665|
|37|0.010264652959|211.144776148 238.108908422 229.465744632|70.3535398285 -38.0100134201 -58.4185078308 -38.0100134201 83.3982285792 49.2190125679 -58.4185078308 49.2190125679 122.362992855|
|38|0.009999360229|211.495920339 126.2311795 248.827243289|146.803561212 27.7790860586 27.4284978949 27.7790860586 26.7248790167 36.702663925 27.4284978949 36.702663925 146.433280176|
|39|0.00670004925083|241.086492419 154.126346486 177.515724489|77.4901571797 -8.99996607179 -4.54830154927 -8.99996607179 112.178077047 4.14852850225 -4.54830154927 4.14852850225 31.0384997298|
|40|0.00142224105761|203.612668081 173.663051307 162.976356385|73.3217884298 9.19622803355 95.8844359491 9.19622803355 146.998721215 -51.8899396252 95.8844359491 -51.8899396252 285.722876664|
|41|0.00362983079235|213.095609042 239.056341961 247.624734265|91.5699965602 155.021620827 -117.958434954 155.021620827 303.639068303 -234.866521345 -117.958434954 -234.866521345 214.788058219|
|42|0.00170303649534|197.345770687 194.504889852 213.035809144|41.2771877302 -21.1787040168 31.6715927984 -21.1787040168 35.4422797598 14.6843048603 31.6715927984 14.6843048603 129.188275152|
|43|0.00111399028395|151.067443222 212.748426912 106.474131203|90.0645794806 -72.4457584596 17.1938217191 -72.4457584596 81.8459436909 -21.6069352786 17.1938217191 -21.6069352786 34.9297037952|
|44|0.00282352983179|189.16820785 202.125572407 199.612204503|52.4933979787 24.8901280321 46.476522426 24.8901280321 242.985816972 39.4595574833 46.476522426 39.4595574833 57.0576462584|
|45|0.00718922200627|230.050008403 197.369797904 240.372295429|37.00501714 9.52906947698 -34.0194635853 9.52906947698 36.4462761463 -77.225096321 -34.0194635853 -77.225096321 473.376568838|
|46|0.00298747192183|223.966945444 158.057826494 202.554927968|51.4681828899 27.6922846886 -84.4744160463 27.6922846886 92.3218781955 -88.1578555299 -84.4744160463 -88.1578555299 233.75428406|
|47|0.00461589725377|193.301667127 247.844463688 163.793972305|80.4801645775 9.55052243751 83.3493321233 9.55052243751 69.9162958237 28.2263426739 83.3493321233 28.2263426739 146.81091259|
|48|0.00329036397316|234.401866729 211.423323291 233.579211597|45.4386503091 -77.6763132382 18.3118424104 -77.6763132382 271.521355395 -32.7759190492 18.3118424104 -32.7759190492 23.9834656608|
|49|0.00164424074786|203.854228596 214.918965147 198.422973275|63.2132331615 -92.9962667229 63.5163191806 -92.9962667229 173.450489919 -121.429162909 63.5163191806 -121.429162909 437.103027738|
|50|0.0054078344995|178.229310642 194.183755316 241.672039081|17.137326676 36.2281852201 13.9148474589 36.2281852201 403.221752498 14.1731386255 13.9148474589 14.1731386255 59.3769354498|
|51|0.00414866025275|202.317020452 225.752542698 177.73719615|59.5924278293 -55.4843856512 -25.0708505214 -55.4843856512 118.240642174 -43.5963193871 -25.0708505214 -43.5963193871 145.620093415|
|52|0.000853038852241|193.290291373 191.372833082 154.975835164|147.126283554 -127.808651807 149.841574854 -127.808651807 243.439269986 -120.470929668 149.841574854 -120.470929668 260.52579365|
|53|0.00273797339081|252.15942006 155.739152181 229.076337981|48.5512605755 -32.5764398112 -77.699376957 -32.5764398112 121.508169561 91.386209112 -77.699376957 91.386209112 182.704512817|
|54|0.00222764212662|186.354455098 190.351906554 145.271536417|100.161130234 -164.382204578 269.424693487 -164.382204578 361.601165206 -417.095424014 269.424693487 -417.095424014 777.904752955|
|55|0.0120159251994|183.877165419 162.409651232 272.696826822|62.1362613358 -1.96477942593 42.5957861078 -1.96477942593 94.5800753294 15.7361279318 42.5957861078 15.7361279318 65.1334957103|
|56|0.000545238258079|217.077141861 166.87461584 201.554256261|101.477664804 -43.7597860039 29.5477316404 -43.7597860039 163.926321518 -148.519693172 29.5477316404 -148.519693172 528.173678491|
|57|0.002632709032|194.04579581 221.912970689 159.33058639|14.3078532465 -18.6723879038 30.0542350478 -18.6723879038 104.167698769 -70.649122279 30.0542350478 -70.649122279 113.508156788|
|58|0.00567244063608|192.699218937 215.270027406 257.54096381|141.471033395 -110.025535585 62.6149807767 -110.025535585 242.619782143 -131.596112512 62.6149807767 -131.596112512 89.5979574717|
|59|0.0113458547762|207.770996989 131.591083832 237.916253705|134.16030962 20.0154507538 22.7468911257 20.0154507538 26.7834664138 49.6650847837 22.7468911257 49.6650847837 293.236149336|
|60|0.00117252041538|202.050670459 195.892194758 260.496729798|118.479058224 -41.7476854251 32.4389180944 -41.7476854251 371.754543766 -105.04278817 32.4389180944 -105.04278817 60.4946790048|
|61|0.00600732849865|221.999719776 161.417840731 263.013983448|56.9198141065 -39.8033281539 10.4045544717 -39.8033281539 67.9796871994 -39.4173573832 10.4045544717 -39.4173573832 122.579281906|
|62|0.000461268951384|203.671363159 192.701077574 173.586489222|167.136988083 -123.60832134 154.456292466 -123.60832134 316.10230877 -131.788888474 154.456292466 -131.788888474 499.794197878|
|63|0.00200721832262|225.424453043 153.179699392 232.858783151|96.5498118682 13.1855512736 -55.9103194975 13.1855512736 98.8556030584 3.16052395121 -55.9103194975 3.16052395121 196.24415979|
|64|0.00628284388731|185.183907461 131.751240134 209.376989642|85.8913614551 58.2426099161 79.3102173905 58.2426099161 112.169023627 120.256088839 79.3102173905 120.256088839 198.9777174|
|65|0.0051985982601|191.017061285 173.52596584 255.997702868|67.7101648016 8.36936042355 -29.8030258168 8.36936042355 59.5207462095 42.8544545274 -29.8030258168 42.8544545274 105.507800395|
|66|0.00463723491992|210.428744685 155.164826502 255.646818511|101.836180277 -31.1886507989 10.8759471311 -31.1886507989 112.641963256 67.9741317167 10.8759471311 67.9741317167 170.847411618|
|67|0.000452374281189|203.683790463 188.31098195 243.60904953|109.357274957 -1.60552379007 -7.38088006444 -1.60552379007 360.592200831 -74.5633944783 -7.38088006444 -74.5633944783 148.180504289|
|68|0.0072393958802|180.047616668 167.413511473 228.232937604|21.2911013947 -10.4550338554 -34.7842434743 -10.4550338554 189.800399099 18.1299278302 -34.7842434743 18.1299278302 128.758356724|
|69|0.00701025522091|187.238338812 210.16879063 172.47967497|138.072845655 -73.8237070568 45.1872538788 -73.8237070568 276.474644131 -101.372328727 45.1872538788 -101.372328727 68.4747904828|
|70|0.0062316000253|206.411716246 191.496805879 262.356422081|102.633251994 47.3229220851 5.92247799528 47.3229220851 357.314047602 -88.229800904 5.92247799528 -88.229800904 38.6139972496|
|71|0.00346064755082|203.897097839 213.182939063 211.734748657|28.4476137515 0.628394405153 12.8279256487 0.628394405153 160.623515034 92.1555497366 12.8279256487 92.1555497366 89.9900522177|
|72|0.00509491273661|182.117443943 201.460939779 236.619352389|22.6424179719 -29.9117301252 15.4324418675 -29.9117301252 325.35705318 -143.131922572 15.4324418675 -143.131922572 70.1081510631|
|73|0.00376314985725|236.213827434 156.376125508 208.64442461|47.3057974832 -38.3898022199 -17.2643452379 -38.3898022199 102.663058308 -133.907873975 -17.2643452379 -133.907873975 371.943669039|
|74|0.000950223012058|213.514416431 200.135099536 226.27874434|101.416258718 -93.6195068648 11.342354011 -93.6195068648 165.636210097 -10.4152351137 11.342354011 -10.4152351137 251.038239518|
|75|0.00105971342405|208.890818222 184.116449361 163.255078984|145.046140972 -53.5524234786 120.215509109 -53.5524234786 163.856099052 -115.087805394 120.215509109 -115.087805394 351.337371729|
|76|0.00159728185347|182.156423792 245.644456282 192.913534755|59.2049710736 -4.15706439532 201.848212453 -4.15706439532 3.86168044414 -26.133861096 201.848212453 -26.133861096 823.056700812|
|77|0.00142642230268|215.994461693 181.473374886 173.900583977|117.684903862 -36.186016855 52.9792727502 -36.186016855 119.825027303 -69.4418791111 52.9792727502 -69.4418791111 232.462086212|
|78|0.000704060354501|205.465579995 193.006075998 162.050356826|168.280314245 -107.231800097 85.1537521795 -107.231800097 282.229708324 -81.1744242567 85.1537521795 -81.1744242567 248.116245936|
|79|0.00511529337938|187.133884621 253.302975403 212.068509169|160.145814179 14.2884100715 74.9546955983 14.2884100715 21.7480363396 -52.8169942844 74.9546955983 -52.8169942844 386.233111559|
|80|0.00108958900253|204.469957654 160.827949889 241.983373115|114.519171642 -60.001858431 5.63851230036 -60.001858431 128.4604047 2.39275735236 5.63851230036 2.39275735236 183.840845836|
|81|0.00132508777697|179.402873519 208.92674322 163.293952042|604.259853046 -411.349952938 -414.288334848 -411.349952938 289.620471751 287.343520019 -414.288334848 287.343520019 304.117422282|
|82|0.000509766623732|187.005095179 200.823486953 167.815752705|60.7039782262 -53.8389937113 135.736031468 -53.8389937113 158.023263857 -129.347898755 135.736031468 -129.347898755 701.263804427|
|83|0.00741796885729|226.226886744 131.720366658 207.101682205|86.4923962616 -3.82360096999 88.1477160301 -3.82360096999 24.1221545661 -9.35049348682 88.1477160301 -9.35049348682 234.825824438|
|84|0.0011736108879|216.534457725 202.751501834 220.946712234|61.7610241932 -24.1869770668 -8.34946116109 -24.1869770668 105.363751913 9.26996147187 -8.34946116109 9.26996147187 266.541807831|
|85|0.014490069392|219.652283951 188.734620677 182.94935747|204.3984334 6.04261282904 68.6321370596 6.04261282904 68.4683968035 -17.8830059116 68.6321370596 -17.8830059116 63.6308427981|
|86|0.011718953292|179.611294523 199.24950731 226.414897041|39.1033313578 -4.72565812511 -22.204650375 -4.72565812511 212.967773603 101.686830642 -22.204650375 101.686830642 86.2509625399|
|87|0.0051555075144|209.121747649 156.75922405 156.257947542|125.622788383 23.2353405468 57.2494085721 23.2353405468 47.9076565132 33.747112023 57.2494085721 33.747112023 94.9705096898|
|88|0.00207981565627|195.235944879 267.307532846 192.867160159|81.4124111838 33.8437622638 -35.1514489025 33.8437622638 79.3636774198 -30.7674317025 -35.1514489025 -30.7674317025 38.582769257|
|89|0.00233171689897|225.608418907 181.550714521 250.873492934|55.3371264532 -44.5528780378 -12.8127058495 -44.5528780378 203.796325832 -65.4416184975 -12.8127058495 -65.4416184975 132.568674322|
|90|0.00150918609339|193.786424443 180.273372854 148.264462565|282.185766095 -377.904767143 -66.5020747086 -377.904767143 542.432528333 96.2871067535 -66.5020747086 96.2871067535 25.7621878253|
|91|0.000338979316633|196.808350748 167.252481287 220.365490541|52.2708119604 -47.3310489357 -67.6336461917 -47.3310489357 216.321370812 33.9837200637 -67.6336461917 33.9837200637 340.941160933|
|92|0.00221163687206|224.891302771 152.402484561 222.794146432|71.1666882639 -0.606831845937 -13.4592249617 -0.606831845937 75.3655125574 -40.8364799481 -13.4592249617 -40.8364799481 340.454128028|
|93|0.00237200880872|230.601779259 172.977054006 238.649612896|47.2879002933 -47.5494981154 -28.1106109756 -47.5494981154 163.239338588 38.6842647915 -28.1106109756 38.6842647915 150.5343975|
|94|0.00387588028062|160.884519575 212.242035877 170.28698217|42.0463726644 -32.8063266159 37.3074104388 -32.8063266159 112.911096859 -29.589675768 37.3074104388 -29.589675768 58.3564116379|
|95|0.0033447743403|211.970149244 187.438365572 253.547942866|43.8238378557 85.131344359 -33.1323047149 85.131344359 815.093209293 -70.024280571 -33.1323047149 -70.024280571 33.4408589038|
|96|0.000713803478317|211.678736162 203.575723582 206.161629148|122.781972506 -133.820793061 21.6448929507 -133.820793061 229.406928962 -97.2163476665 21.6448929507 -97.2163476665 387.997155821|
|97|0.00181353347333|198.365960234 180.710019461 144.787426351|170.279183194 -105.980039309 126.591177061 -105.980039309 174.910406275 -182.608946045 126.591177061 -182.608946045 305.802749662|
|98|0.00395368258122|176.682464696 211.598140658 152.352853236|89.8839237261 -97.3966767617 114.897706028 -97.3966767617 239.15506572 -326.629163504 114.897706028 -326.629163504 505.295849903|
|99|0.000308345062224|200.754415796 205.887985258 194.329085506|126.723338302 -102.453173926 154.414673671 -102.453173926 279.223545165 -129.811842543 154.414673671 -129.811842543 709.41529273|
|100|0.000405632705191|204.267126555 208.483240149 183.927795293|150.6571777 -120.115178862 125.937180755 -120.115178862 225.444373963 -64.2068833512 125.937180755 -64.2068833512 671.805536599|
|101|0.00140833106859|216.088715477 201.328537607 241.168835653|66.2001569508 -76.1461033058 9.12523786563 -76.1461033058 240.053342454 -94.0133586792 9.12523786563 -94.0133586792 131.553151941|
|102|0.00410888187207|213.714544315 207.301565032 269.077110626|43.5767081058 -19.2694962215 -17.805250325 -19.2694962215 60.7226639315 27.8880995884 -17.805250325 27.8880995884 28.8468633838|
|103|0.00522176660095|188.043950127 213.353097212 126.657676344|121.786517374 -37.7485824309 131.271964358 -37.7485824309 37.1628568184 -35.9303464677 131.271964358 -35.9303464677 356.259306142|
|104|0.00253129366921|205.397604338 221.395411836 120.168617182|62.7541704502 -36.4811786388 122.954247666 -36.4811786388 69.4425675671 -106.419817377 122.954247666 -106.419817377 357.688235639|
|105|0.00113417526383|219.568658536 154.505444828 209.101031245|91.4857365041 10.0979078926 5.40215550224 10.0979078926 75.1554903239 -61.2957776213 5.40215550224 -61.2957776213 477.606317581|
|106|0.00700038636336|263.184624753 169.474846444 182.067803423|105.186765676 -52.479765473 39.8088114558 -52.479765473 70.8552410964 7.16652755242 39.8088114558 7.16652755242 110.975195391|
|107|0.00673881636872|191.746703381 146.411395117 257.556092347|144.593149968 48.0885032599 74.575790565 48.0885032599 67.1308458595 30.653352557 74.575790565 30.653352557 88.6014147297|
|108|0.000687710579913|219.016675331 191.460014072 204.020183248|78.459123692 -75.4980916284 -42.8508019718 -75.4980916284 206.164967081 55.1384119404 -42.8508019718 55.1384119404 317.681498632|
|109|0.0163772193623|237.01668941 195.402799958 199.592165875|61.8954962157 -63.406176354 -59.6829086989 -63.406176354 179.452584157 89.8768319131 -59.6829086989 89.8768319131 124.737448454|
|110|0.00531468045211|171.374357313 200.022875355 242.132699365|13.3940707735 0.230746041617 10.4276917243 0.230746041617 91.2719805403 3.02443875675 10.4276917243 3.02443875675 45.2968189581|
|111|0.00221233910905|161.111566084 224.308765285 122.166181044|32.2092590673 -31.9964934868 -16.2759250876 -31.9964934868 124.022597365 10.2341728077 -16.2759250876 10.2341728077 73.6376761203|
|112|0.00174232259052|199.161648296 142.388596454 200.752187768|157.644773377 29.9928299586 -54.2288487591 29.9928299586 31.2768497944 -76.0593875234 -54.2288487591 -76.0593875234 414.087876847|
|113|0.00653865525592|230.686200471 146.154291387 264.581633365|74.4843078209 16.4509973413 -14.8372078668 16.4509973413 44.140596938 -11.5957119356 -14.8372078668 -11.5957119356 68.4578996166|
|114|0.0105539378476|187.941303471 178.795420873 180.47162515|100.400875073 55.8980133452 53.2248168552 55.8980133452 88.6280679363 66.1151005622 53.2248168552 66.1151005622 94.378152647|
|115|0.000604612731191|216.405001855 174.441164754 191.319588814|97.2630045071 -46.7428806766 104.976901857 -46.7428806766 176.276150333 -145.854542674 104.976901857 -145.854542674 558.289131242|
|116|0.0110921483855|199.572456603 224.133066228 225.365175955|97.8898890378 -37.7920386223 49.4684027755 -37.7920386223 221.864107119 -129.327437363 49.4684027755 -129.327437363 121.939784259|
|117|0.00689491224074|203.451678622 213.677662974 135.97944592|138.807438733 -116.857211289 65.842040783 -116.857211289 522.314617001 -130.70092463 65.842040783 -130.70092463 68.0313804691|
|118|0.00367781086437|185.811737073 201.809627595 249.088461738|28.5251936404 7.57453870057 5.96789428106 7.57453870057 123.494173159 -12.8024199521 5.96789428106 -12.8024199521 47.3580788614|
|119|0.00741752433238|173.404862876 184.046808945 218.325438223|33.3291413032 -2.27040922714 -6.50421625611 -2.27040922714 42.4761902178 22.8547344498 -6.50421625611 22.8547344498 59.1465969263|
|120|0.00424067908999|214.579568602 194.504980131 216.209194346|102.31981645 -5.80163249081 5.34659005953 -5.80163249081 14.1204666096 -10.5222706542 5.34659005953 -10.5222706542 184.911311695|
|121|0.00257880155161|178.306445446 253.448635246 159.314911089|47.8654938112 13.1121160857 39.7182950864 13.1121160857 33.8141223154 1.40078832687 39.7182950864 1.40078832687 85.4622807542|
|122|0.00099218391879|224.849448213 165.479190815 203.081790016|56.0484415098 -5.62918943584 -3.47577076361 -5.62918943584 167.087177046 -116.37192591 -3.47577076361 -116.37192591 332.162700914|
|123|0.000654921516568|200.801310403 184.016376553 167.609358807|146.370242146 -132.626636936 156.365300625 -132.626636936 224.09582789 -153.269760106 156.365300625 -153.269760106 390.637236244|
|124|0.00140715241448|167.399852617 238.656450578 129.670926192|23.3283579799 8.44886603577 2.01322024775 8.44886603577 32.4914414152 -116.078842235 2.01322024775 -116.078842235 629.632109996|
|125|0.00164749000517|230.58726159 173.21811447 182.440517992|90.2579110287 -87.4892696068 62.514042143 -87.4892696068 114.412714936 -69.2022355306 62.514042143 -69.2022355306 243.312848229|
|126|0.00145658169267|193.891912568 222.948600225 164.507867758|91.7410890609 -33.8267763488 40.2713319964 -33.8267763488 106.896041026 -18.9911721494 40.2713319964 -18.9911721494 154.245028839|
|127|0.00399799771369|223.789439452 184.713811126 249.594225279|9.84789574606 -2.61449663899 19.1997920867 -2.61449663899 143.00990573 -23.2759058599 19.1997920867 -23.2759058599 142.791975981|
|128|0.0022297834016|188.092157509 165.567455956 238.440075413|39.9052341629 17.5448154314 -8.35070407877 17.5448154314 185.140252548 31.8780564792 -8.35070407877 31.8780564792 196.363265026|
|129|0.000477347709177|208.253839371 185.620816581 179.141151849|150.190902564 -107.918489133 162.303773768 -107.918489133 285.492298137 -169.685265626 162.303773768 -169.685265626 574.334669591|
|130|0.00156247589961|206.496143771 218.070376973 179.90274192|106.753651708 -65.2878226092 106.314706042 -65.2878226092 105.195008569 -163.404252087 106.314706042 -163.404252087 469.015799938|
|131|0.00348164590401|227.383500759 146.681504049 225.367934479|113.209209183 16.9591784474 -115.823853 16.9591784474 46.4941716682 -26.0817774257 -115.823853 -26.0817774257 297.233266898|
|132|0.00235316975697|190.488183494 179.646060784 228.550265367|2.23429112511 13.516242666 -3.81179206678 13.516242666 256.614993754 -116.350344213 -3.81179206678 -116.350344213 153.208941885|
|133|0.000386391484465|215.843975438 177.388493651 211.325979974|94.6355456767 -24.7000665933 -21.9000022609 -24.7000665933 252.832821889 -68.488444354 -21.9000022609 -68.488444354 496.796711146|
|134|0.00737427702549|187.094780586 210.994556322 175.250751704|44.0586421941 -52.2918919523 -38.1155770354 -52.2918919523 257.536629083 300.488131686 -38.1155770354 300.488131686 441.106006116|
|135|0.00204649843287|226.514960744 150.028752421 203.595399443|185.746848371 32.053560927 -57.4133948246 32.053560927 58.471440115 -61.2817061066 -57.4133948246 -61.2817061066 350.587717686|
|136|0.00640152025203|184.432654149 172.146707437 261.08140267|31.1409702169 7.98956926855 11.7014198994 7.98956926855 102.86972221 2.59364964504 11.7014198994 2.59364964504 41.9290465988|
|137|0.000692221652167|193.475599615 224.815989971 212.378598939|94.6973835773 -35.0494446489 101.812894853 -35.0494446489 61.8022795607 -69.3135969582 101.812894853 -69.3135969582 288.505446355|
|138|0.00526397354581|232.772616752 181.591420945 261.830904696|57.4841887769 -46.1028714182 -42.5748952958 -46.1028714182 201.819274233 -53.2423651058 -42.5748952958 -53.2423651058 112.067053883|
|139|0.000394776587217|214.719539843 190.670441228 210.042886627|95.6925968508 -65.0395894922 -13.3472802351 -65.0395894922 253.475911588 7.97386736129 -13.3472802351 7.97386736129 407.84597212|
|140|0.00179401946703|226.767876944 200.990962351 133.055384652|59.3535977232 4.39448098671 27.7087229984 4.39448098671 40.1008853305 68.7455691456 27.7087229984 68.7455691456 192.822148841|
|141|0.00112528488|176.332076591 209.096466538 86.4256958083|162.784976169 -39.6429831868 -68.8306772472 -39.6429831868 38.2347421218 7.02239111405 -68.8306772472 7.02239111405 57.1323196503|
|142|0.00124556486429|220.548477442 179.69739365 168.418100231|123.786599453 -67.9421785225 63.5052960604 -67.9421785225 180.337385942 -73.034562041 63.5052960604 -73.034562041 214.208730421|
|143|0.00116903025522|226.22136927 185.483796474 184.214365621|40.4810879692 -54.5820452465 32.1008656512 -54.5820452465 181.010392556 -83.3945683479 32.1008656512 -83.3945683479 287.211288199|
|144|0.0191366615082|203.469658525 160.596962748 205.853527124|131.402644932 -38.4951318259 -35.1180406611 -38.4951318259 117.623120288 46.546507408 -35.1180406611 46.546507408 62.6091439805|
|145|0.00107308669178|228.832448075 228.038875021 178.092055178|101.150582577 27.7054265198 -60.0374055273 27.7054265198 38.2650241754 -34.7021198106 -60.0374055273 -34.7021198106 57.4286671213|
|146|0.00202837760665|223.176997034 158.283614526 211.400902023|60.3378090621 17.44539332 -44.7417342899 17.44539332 100.462976555 -96.0366606023 -44.7417342899 -96.0366606023 388.341181799|
|147|0.00864819168669|228.12972696 167.127614515 158.786895163|95.9644205198 -53.5761903625 30.4673235552 -53.5761903625 172.058843941 -81.7753465363 30.4673235552 -81.7753465363 87.4192296916|
|148|0.00349905078825|217.077898068 152.346992653 172.04754569|75.4590968425 23.7965006268 -42.6559803542 23.7965006268 92.8893106395 -124.607090185 -42.6559803542 -124.607090185 297.363419085|
|149|0.00111230876858|219.617640238 161.059384798 172.3976867|220.090605 -14.729851998 112.226447995 -14.729851998 89.5087226374 -77.9541124942 112.226447995 -77.9541124942 280.41861743|
|150|0.0138215442825|194.664729433 178.86784674 279.920121521|110.603307532 -26.0561559905 45.9723172414 -26.0561559905 91.7391065384 -23.9973720812 45.9723172414 -23.9973720812 45.7351366096|
|151|0.000640409755093|207.710641583 166.121278749 245.564096058|138.349933659 -19.1975239262 -11.1099090703 -19.1975239262 154.539806948 28.3736658255 -11.1099090703 28.3736658255 164.689008563|
|152|0.00649174386822|198.629221674 187.330477858 125.816249162|159.701129378 -74.4354257122 97.6480614337 -74.4354257122 161.708079445 -181.890057856 97.6480614337 -181.890057856 282.827417386|
|153|0.00706771840604|207.438482774 176.009518478 249.833487223|72.1601044363 -24.014389064 -1.14889241993 -24.014389064 115.179821954 30.2075155028 -1.14889241993 30.2075155028 69.8038075378|
|154|0.00311085343705|225.371915495 196.758945009 231.026902149|70.2371859551 -9.56649402835 -91.4427007403 -9.56649402835 46.2243437004 25.5731311536 -91.4427007403 25.5731311536 155.991921963|
|155|0.0028990176795|193.782447506 205.239320663 245.154846069|29.7743148543 62.9580162532 -20.5547604275 62.9580162532 257.234296741 -71.9864550374 -20.5547604275 -71.9864550374 83.3842282357|
|156|0.00184093273246|221.916008725 187.629391602 238.450227597|44.4409194257 -72.5873602282 -24.9548927994 -72.5873602282 304.746635739 -64.3608067208 -24.9548927994 -64.3608067208 162.404786324|
|157|0.000568915346458|186.937984701 206.652296371 163.469131659|53.4769112095 -41.5679335736 66.6792964568 -41.5679335736 202.244534354 -23.9571681566 66.6792964568 -23.9571681566 395.480819159|
|158|0.00119357515357|190.974326207 220.213365504 204.033056951|68.9935653931 -52.6347790696 65.6497532957 -52.6347790696 70.8558218129 -59.868158336 65.6497532957 -59.868158336 257.488997512|
|159|0.00174620612467|191.165315803 224.112608846 164.844431249|106.959665703 -35.5842276387 16.3522053371 -35.5842276387 119.793854109 -6.59905022804 16.3522053371 -6.59905022804 140.821669546|
|160|0.00398186977767|241.051391737 172.489186608 234.133423488|18.4879597128 -8.73455905854 16.3454431988 -8.73455905854 369.314461937 -22.6015131721 16.3454431988 -22.6015131721 39.942205892|
|161|0.00258307819398|182.696026847 185.195977856 212.368277001|20.1440566488 -10.9730338437 80.2645443977 -10.9730338437 27.1829289414 -65.2789378913 80.2645443977 -65.2789378913 403.031825241|
|162|0.00480844197005|259.096630694 159.757613624 197.628808432|67.7493240903 -24.8161240612 54.3956446617 -24.8161240612 39.6375816459 -27.342707728 54.3956446617 -27.342707728 173.554573328|
|163|0.00587314137961|182.120852111 140.10475927 230.729416964|52.0679236814 -0.572963520437 6.76847175167 -0.572963520437 156.15563432 54.3346750046 6.76847175167 54.3346750046 41.2027293181|
|164|0.0113874225391|199.570436172 169.516647881 272.531101915|89.2245194518 17.7219875641 44.6090495817 17.7219875641 80.558838039 25.4669003182 44.6090495817 25.4669003182 44.7210633612|
|165|0.0014936340649|202.715739694 226.580157935 162.569514937|43.5135611488 -11.6380277947 -32.0470408558 -11.6380277947 29.7828601681 -50.3648484353 -32.0470408558 -50.3648484353 399.750528742|
|166|0.00522311453187|213.445690965 146.791768133 241.87082538|100.556351897 -24.6055373876 -6.62464757591 -24.6055373876 82.3518814217 50.1839612177 -6.62464757591 50.1839612177 108.190145313|
|167|0.0043194255344|201.244084282 184.562728972 132.703344915|88.5851087556 55.9100025822 121.749026912 55.9100025822 81.9249423654 75.3786457627 121.749026912 75.3786457627 257.792831912|
|168|0.0025220264284|208.063060955 145.433612267 238.018992028|145.628726687 41.7894542307 60.8124284076 41.7894542307 73.2405061831 85.7181582889 60.8124284076 85.7181582889 183.405274767|
|169|0.00620488236253|169.370676637 217.321693769 162.682530097|66.2438145682 -58.9404522999 4.40406731903 -58.9404522999 206.978273236 26.6786616304 4.40406731903 26.6786616304 33.0051066636|
|170|0.0018070313795|222.321529741 154.435649158 212.391767521|84.3344234528 3.35205315919 -17.1762009512 3.35205315919 87.9050277555 -69.4777150497 -17.1762009512 -69.4777150497 370.175496704|
|171|0.000793423483836|222.381050442 183.896492711 225.706171808|54.7256036684 -56.4913464814 18.220128319 -56.4913464814 268.059146653 -79.8915395384 18.220128319 -79.8915395384 340.196260194|
|172|0.00360663621592|235.851937651 168.041449496 228.917558214|89.7472809538 -43.018980783 38.1860341563 -43.018980783 32.2640368767 2.81333375029 38.1860341563 2.81333375029 83.8432883153|
|173|0.00549985587875|234.314517399 183.59649849 242.981209791|29.8396950738 -47.4978358425 17.9900442527 -47.4978358425 204.678750003 -46.5187570105 17.9900442527 -46.5187570105 38.856541136|
|174|0.00133006799913|222.231439632 157.398320112 208.150827498|67.9477935459 8.67221005254 -25.0827305351 8.67221005254 91.3582179768 -86.22305078 -25.0827305351 -86.22305078 431.919732281|
|175|0.000739189168411|189.942788149 210.415753303 157.650109519|84.1905671927 9.29072022769 46.7045630576 9.29072022769 174.214616047 54.0992679747 46.7045630576 54.0992679747 166.855006345|
|176|0.0055091391803|192.853898157 199.891298291 228.911097252|81.6153754608 45.9773350474 -22.0546650608 45.9773350474 122.313002471 -55.9462576862 -22.0546650608 -55.9462576862 43.1284273123|
|177|0.00411733176589|226.661966256 175.918532643 255.45939739|57.3939675859 -50.8266988299 -25.5598331447 -50.8266988299 147.799921122 -71.9003158659 -25.5598331447 -71.9003158659 133.184487215|
|178|0.00362024067251|219.666188789 227.896783553 252.986876948|126.547805911 81.0900388853 -17.6437346601 81.0900388853 69.9580758578 4.23687824369 -17.6437346601 4.23687824369 189.197919192|
|179|0.000702793336967|204.501871483 147.304055922 215.46442672|115.853043071 34.0153957982 -83.8154756241 34.0153957982 125.940487154 -9.8756918811 -83.8154756241 -9.8756918811 215.408555802|
|180|0.00217018457009|203.248459943 133.003845927 171.982820595|45.4870978256 15.9181768336 29.538312902 15.9181768336 100.570588695 9.08121352602 29.538312902 9.08121352602 42.762538675|
|181|0.00333166238251|190.341760455 175.089803881 214.560811353|38.7486072064 -11.3829024218 13.3692220709 -11.3829024218 117.787605411 -55.0954815869 13.3692220709 -55.0954815869 60.2009684218|
|182|0.00610738238985|210.367724469 231.58959145 243.458083198|199.337758711 89.5134563322 -11.4969473826 89.5134563322 67.4857683017 -10.2213966521 -11.4969473826 -10.2213966521 52.1190190309|
|183|0.00488229935959|181.766222926 231.33115662 153.763364639|47.400380181 33.2044118021 71.642272382 33.2044118021 120.584026127 143.748831112 71.642272382 143.748831112 342.152510344|
|184|0.00120391225777|222.896394727 194.891815531 207.343977254|50.4750249093 -44.7039743268 -28.1367356823 -44.7039743268 176.85176505 33.9079460802 -28.1367356823 33.9079460802 375.79370583|
|185|0.00130846712742|199.975689009 183.419081099 159.100065477|159.090344998 -85.4323501403 200.515868296 -85.4323501403 124.848837893 -152.150373708 200.515868296 -152.150373708 432.761169557|
|186|0.00033999389022|205.715938669 177.265092683 189.104561008|72.556269913 -54.715887796 22.0780077271 -54.715887796 194.701928114 -203.308489046 22.0780077271 -203.308489046 731.045953771|
|187|0.00773577765127|169.137693734 197.667804013 161.441478426|50.8724797388 41.3515527003 89.9567914612 41.3515527003 97.4557608384 186.989232103 89.9567914612 186.989232103 483.749061804|
|188|0.000804047896993|192.863082156 221.557393534 178.100980712|68.1466280438 -29.5740407002 54.9586453629 -29.5740407002 83.4864892409 -31.4372868025 54.9586453629 -31.4372868025 449.121609299|
|189|0.00119242712778|211.029067464 180.401485718 172.235378293|107.192139868 -30.4355239759 103.420789609 -30.4355239759 135.017858376 -109.65176303 103.420789609 -109.65176303 368.989035624|
|190|0.000354773449803|206.59232761 191.438258757 188.755253795|143.843779589 -122.394471177 153.283763304 -122.394471177 348.174905884 -142.264848631 153.283763304 -142.264848631 698.162311127|
|191|0.00174220288665|228.961675916 180.578000945 194.627939723|30.252349498 -37.9136599709 -5.65175287866 -37.9136599709 134.578741034 30.4492344503 -5.65175287866 30.4492344503 133.755366716|
|192|0.0020239012879|203.370702915 206.345104253 235.804720405|86.4334508748 -29.2282145423 20.3725668652 -29.2282145423 85.2686192354 -20.7029545402 20.3725668652 -20.7029545402 49.9823380521|
|193|0.0132128045347|175.062242247 235.619442381 212.08680549|52.351375992 11.2721561122 26.5274638637 11.2721561122 213.287637927 152.394967417 26.5274638637 152.394967417 160.293536033|
|194|0.000506580931905|204.175043422 204.888755325 224.743646134|69.2943836995 -35.9512514285 -6.12592427275 -35.9512514285 149.93024449 29.6210848603 -6.12592427275 29.6210848603 216.568772503|
|195|0.00598946874018|215.578625006 229.129210555 158.32633352|94.0934408998 -56.6817482273 108.899836676 -56.6817482273 96.1527651006 -132.533843935 108.899836676 -132.533843935 300.896573319|
|196|0.00284891270242|176.383108444 223.218651611 242.676607189|50.8166119718 -62.1129726729 -14.5081245686 -62.1129726729 127.080138386 11.597123234 -14.5081245686 11.597123234 34.4628088768|
|197|0.0037771147721|231.443949565 166.789348154 240.29420011|104.484613136 -78.1188130187 -186.165979614 -78.1188130187 67.7251139438 145.490651266 -186.165979614 145.490651266 573.48670548|
|198|0.00729360485255|201.297430073 192.1256537 271.154586278|94.7759694462 -46.8157028178 3.71952134933 -46.8157028178 171.868682208 15.6177123789 3.71952134933 15.6177123789 13.2419334413|
|199|0.001212625574|192.689787191 222.229587008 167.369133126|98.7072606485 -39.8180959135 55.5003221888 -39.8180959135 89.3060875765 -22.2010309472 55.5003221888 -22.2010309472 241.777503254|
|200|0.00109374893256|216.980199352 158.992697402 229.063408074|143.466295339 -22.9720414253 -42.0996431444 -22.9720414253 110.322867078 14.6730757076 -42.0996431444 14.6730757076 316.747953506|
|201|0.00213159548204|190.255099131 245.960253753 113.93898434|50.0359950624 21.1332461039 39.7241085797 21.1332461039 63.2310188529 27.7761155248 39.7241085797 27.7761155248 120.691739477|
|202|0.0106343104287|247.719272667 196.939188446 204.124294109|43.7903804949 -18.2413013417 -20.0994689436 -18.2413013417 55.7808073708 20.4579045605 -20.0994689436 20.4579045605 49.843611202|
|203|0.00672020664675|186.268187743 204.301459474 235.405312675|34.1580144817 82.2257982365 2.96106275717 82.2257982365 344.206453989 67.4990242234 2.96106275717 67.4990242234 45.1798171236|
|204|0.00793502414068|167.551970283 237.173841433 182.793119997|85.2355191314 69.1922924152 169.902929851 69.1922924152 129.678994402 239.472826417 169.902929851 239.472826417 562.629481602|
|205|0.000764126814084|214.552089708 204.22535845 191.035460496|129.196052325 -160.299608099 15.8366073884 -160.299608099 305.175811414 -120.268686203 15.8366073884 -120.268686203 347.868548363|
|206|0.00105099234724|194.230541005 169.521996184 237.841678552|43.231940992 -32.2174289805 9.08254336965 -32.2174289805 113.178607391 -8.39538175275 9.08254336965 -8.39538175275 166.016518813|
|207|0.0140117218422|195.907195772 233.416205955 254.810032706|82.3074002248 43.6638935318 -23.4160969018 43.6638935318 136.82942749 -60.9724624529 -23.4160969018 -60.9724624529 56.6461685842|
|208|0.00272313462208|220.525958866 190.271598672 167.427664503|25.003408713 79.2411435091 -0.473166578537 79.2411435091 587.203629156 -50.7127928287 -0.473166578537 -50.7127928287 23.2447620808|
|209|0.00696091019059|189.850334908 193.495399542 265.324592381|59.4057234384 0.142532592908 -18.9127424318 0.142532592908 200.196779582 -17.1238771365 -18.9127424318 -17.1238771365 28.8449059947|
|210|0.0039559535058|184.301439444 143.935868521 171.098419469|68.9608961337 25.531703814 4.81898737959 25.531703814 38.7667008535 -4.7024881602 4.81898737959 -4.7024881602 92.1456803728|
|211|0.00274378976626|235.437748518 168.105676719 180.331366853|73.4087976284 40.3671143736 -55.6058004951 40.3671143736 29.2803498873 -28.190900157 -55.6058004951 -28.190900157 136.772543394|
|212|0.00375790902621|210.279030757 253.658760449 187.769109709|147.548975004 80.638895922 57.4930016037 80.638895922 74.5630632889 41.6658000389 57.4930016037 41.6658000389 57.9767702934|
|213|0.00139032680906|201.680639497 204.702669469 236.013285981|63.5318335019 -53.1131444306 49.9509128226 -53.1131444306 140.35881403 -73.4532517742 49.9509128226 -73.4532517742 100.614153503|
|214|0.00812175590636|171.553080132 171.950920432 253.362730074|38.628979656 32.196331859 33.65501246 32.196331859 82.1372919738 44.9233196689 33.65501246 44.9233196689 79.3134772748|
|215|0.0103400360322|190.412149464 156.397040577 207.184923299|52.6912285032 -0.427015579142 -60.4237781828 -0.427015579142 55.6791995359 108.786626914 -60.4237781828 108.786626914 442.628651943|
|216|0.00883629515104|176.087033863 153.31165734 246.222347341|42.5467346724 19.2870494151 6.88542306341 19.2870494151 110.60522958 12.1863524139 6.88542306341 12.1863524139 55.3836523321|
|217|0.00876158263051|214.460824198 147.387946528 266.650488512|87.0758134045 40.0214134828 30.4331566485 40.0214134828 110.398379228 67.2630639102 30.4331566485 67.2630639102 100.33165912|
|218|0.00139462481617|206.955048649 198.732495791 243.015645122|92.2849215725 -12.7048503276 6.37007851114 -12.7048503276 229.617755732 -129.11682289 6.37007851114 -129.11682289 127.150329455|
|219|0.000515835542375|202.962560108 201.027110782 156.397018335|158.105048523 -91.1243192331 62.0860175025 -91.1243192331 258.986725623 -10.1351877627 62.0860175025 -10.1351877627 215.125468889|
|220|0.00220956592696|225.797949144 206.633464386 244.872572249|41.2373576075 -0.219715790247 10.3632996696 -0.219715790247 15.3640517057 -19.4186451148 10.3632996696 -19.4186451148 83.4773937554|
|221|0.00162635293986|189.445474977 186.888638181 225.242355633|26.3286620995 36.4308533644 -19.3053862877 36.4308533644 326.539443037 22.9594792636 -19.3053862877 22.9594792636 165.155182823|
|222|0.00279381122984|216.270134609 165.783673069 251.12422224|107.941625413 -20.7199919211 -31.3171931506 -20.7199919211 167.949040674 9.9044858326 -31.3171931506 9.9044858326 60.8648211292|
|223|0.000619514991641|211.057259944 172.880386022 185.425755281|77.2581525683 -80.8747027632 86.5262759662 -80.8747027632 195.540815208 -230.956647381 86.5262759662 -230.956647381 574.077887386|
|224|0.00371022161362|169.19379126 163.449839403 232.120470475|20.1595362217 35.7717112457 -23.79542168 35.7717112457 239.550983242 -44.7090479031 -23.79542168 -44.7090479031 52.4448561681|
|225|0.0036394487531|219.786892793 205.955401642 204.633135439|32.9621331942 10.5209146221 -1.56247519086 10.5209146221 86.4143573735 -38.5175269094 -1.56247519086 -38.5175269094 88.835206575|
|226|0.00199335580554|196.173320651 218.557325495 117.331228931|23.0638488801 -4.29355558188 37.8372886483 -4.29355558188 46.6722260786 92.0700444634 37.8372886483 92.0700444634 340.931841611|
|227|0.00355391468427|227.292933631 153.365300024 167.516812025|115.490739864 -8.91408700824 -99.5313525524 -8.91408700824 22.6908933347 26.5032661743 -99.5313525524 26.5032661743 153.537073665|
|228|0.00246399754046|182.690611316 199.28980376 181.527136109|24.1048481371 -14.3796556538 84.3461068313 -14.3796556538 106.96787412 -115.711806092 84.3461068313 -115.711806092 493.77082809|
|229|0.0055126595728|192.181817546 150.683835559 248.113661608|74.6937982757 -26.7037328287 19.2763901878 -26.7037328287 55.383155664 10.5207845114 19.2763901878 10.5207845114 127.52323922|
|230|0.0131196807325|236.296637983 192.113554828 154.492914902|235.917997253 -165.813894623 53.7273607264 -165.813894623 219.252164979 -54.0993565708 53.7273607264 -54.0993565708 52.8364616692|
|231|0.00792926956797|232.863421859 137.036407433 243.388125532|65.3958448429 -7.93419639794 -42.6722568502 -7.93419639794 45.5115542916 8.01016844081 -42.6722568502 8.01016844081 170.941908546|
|232|0.00546610175857|217.057509351 183.815286882 269.77711434|49.8791397818 -27.6227598183 9.03127157061 -27.6227598183 165.077160531 -74.9451971295 9.03127157061 -74.9451971295 89.5972226275|
|233|0.00256207768004|225.222063657 190.522868191 250.269213887|51.6535157176 -66.8330818953 -1.63869428801 -66.8330818953 339.636684161 -96.3902635296 -1.63869428801 -96.3902635296 109.184117098|
|234|0.00535737975218|220.079266949 142.629714653 209.214645188|278.502642688 180.870863961 -66.6303082442 180.870863961 144.48590489 -32.0833090155 -66.6303082442 -32.0833090155 51.7373491263|
|235|0.00233893149715|180.468710688 194.267894514 152.772569694|38.318334352 -17.2944154428 132.441810841 -17.2944154428 27.1333270477 -41.7427989922 132.441810841 -41.7427989922 742.547107637|
|236|0.00061187724391|209.752766646 187.824082349 172.209522391|161.348247654 -105.660934333 126.622776016 -105.660934333 273.453658665 -123.568439211 126.622776016 -123.568439211 387.20718074|
|237|0.00410890145627|220.387635274 137.555254705 217.197585883|72.8305559479 37.3053092946 25.2275224496 37.3053092946 61.4792190152 -3.78650787046 25.2275224496 -3.78650787046 263.169734891|
|238|0.000819103896543|184.654850294 208.099830861 156.245070639|38.2053379352 -31.6293282592 45.0437916837 -31.6293282592 154.640004734 -17.9330075793 45.0437916837 -17.9330075793 293.576194391|
|239|0.000964128246901|193.71738529 211.732845402 161.431847953|93.8873998017 -15.2530467329 11.2807667613 -15.2530467329 202.515384071 73.2911410935 11.2807667613 73.2911410935 158.371758357|
|240|0.000269139456575|200.888994156 179.109274951 222.371764211|90.930474291 4.79302177991 -66.6011574225 4.79302177991 301.127373888 -41.8703016404 -66.6011574225 -41.8703016404 324.154693784|
|241|0.00635478298466|181.107769217 209.459550403 256.982624007|23.4319073538 13.5712038466 -16.6154260817 13.5712038466 158.033884777 -40.1914457741 -16.6154260817 -40.1914457741 58.5048972252|
|242|0.00428386304944|249.515807168 146.32071799 206.940070596|108.998884817 -7.52864565575 23.4904327711 -7.52864565575 42.7731197598 -7.61244415844 23.4904327711 -7.61244415844 65.3558299764|
|243|0.011323029095|197.717669 138.681619837 244.215217585|214.934033527 41.8248374932 73.4660635628 41.8248374932 37.0430905474 14.6262856394 73.4660635628 14.6262856394 117.73106008|
|244|0.00232027934266|181.115744368 154.499050492 175.208266822|32.8997762895 52.1548858445 -27.6980805191 52.1548858445 228.122457644 -158.122330467 -27.6980805191 -158.122330467 127.455324122|
|245|0.00754596018867|210.993615565 163.877717605 218.086661726|119.814267676 118.299975124 51.5581832428 118.299975124 272.450346929 101.40660184 51.5581832428 101.40660184 55.9422620718|
|246|0.00243326555711|232.96637683 159.047711782 252.04138133|62.0689743751 -3.38666596757 -50.7651824504 -3.38666596757 62.8691279484 -6.95230513886 -50.7651824504 -6.95230513886 210.040124829|
|247|0.00896542075554|176.157461145 175.998843679 144.561852142|51.1232394037 -53.0235328582 23.1066721764 -53.0235328582 290.001073689 -19.3062555451 23.1066721764 -19.3062555451 65.0148718444|
|248|0.00072085157986|220.552048192 161.094930233 214.397157673|99.4086136061 -7.44684477669 -56.8402614522 -7.44684477669 127.148104352 -70.6876034421 -56.8402614522 -70.6876034421 398.517284586|
|249|0.00296986612623|218.34311666 201.56672608 210.197382789|69.6966318278 -44.7835603459 -71.3034960807 -44.7835603459 31.8255689428 29.0245210616 -71.3034960807 29.0245210616 341.026909908|
|250|0.00110788999131|222.601159001 174.370389578 188.305090628|97.5398019072 -46.3274969652 67.2960164912 -46.3274969652 190.463249361 -179.902427372 67.2960164912 -179.902427372 333.895411894|
|251|0.00431310248748|186.805153923 234.681217161 193.35987894|281.30705585 -169.450091964 239.055571662 -169.450091964 141.956078657 -108.986592359 239.055571662 -108.986592359 265.80930503|
|252|0.00666181428739|227.507579564 228.932151336 212.63461005|51.8634718549 22.1996499086 -12.0953801812 22.1996499086 31.2521983998 5.16096428985 -12.0953801812 5.16096428985 96.5087173481|
|253|0.000663254867522|218.858888812 183.199058438 187.829409449|77.6652807309 -26.5756021317 59.5847390074 -26.5756021317 178.264057638 -21.3612316194 59.5847390074 -21.3612316194 421.552337794|
|254|0.000736496018117|189.60057176 207.577789944 181.197802481|38.8998885672 15.8877412315 87.7783198107 15.8877412315 161.039162303 -92.6097988282 87.7783198107 -92.6097988282 621.976424771|
|255|0.00750262793826|213.970097653 227.704517163 175.38858988|102.642828649 -139.047037625 41.3717281218 -139.047037625 277.342242082 -83.0903690864 41.3717281218 -83.0903690864 65.541968797|
