#|num|weight|mean|covariance matrix|
|0|0.00246117223661|244.372444764 229.368869131 254.241079675|289.706467902 172.638120684 -108.196684257 172.638120684 132.892916739 -81.2863238334 -108.196684257 -81.2863238334 69.8107798905|
|1|0.000783922493549|197.384258927 228.470131307 227.918233346|42.2854943099 -55.3322676102 -50.6144621961 -55.3322676102 359.285992459 267.399231945 -50.6144621961 267.399231945 242.422539623|
|2|0.00329307132191|190.217121262 172.767871773 224.333069112|85.9622870163 -2.21971632787 10.9728157523 -2.21971632787 172.749667079 3.51816076174 10.9728157523 3.51816076174 130.159662865|
|3|0.00197632133209|224.718388636 255.10736775 204.332041877|20.1819222455 -17.4711921231 -46.7237557452 -17.4711921231 37.1765242861 -15.1267282801 -46.7237557452 -15.1267282801 439.921207165|
|4|0.0144234492752|243.548896195 218.308864839 199.585510708|107.145475907 -33.3786663606 -44.8714569667 -33.3786663606 27.6942960169 -26.5858664089 -44.8714569667 -26.5858664089 365.56889063|
|5|0.00224832227499|201.31842138 257.776958241 272.204681104|38.4879324254 25.7334618749 43.4580935167 25.7334618749 60.8738055346 21.3851827699 43.4580935167 21.3851827699 91.8679169021|
|6|0.00581976414049|251.462705843 278.532365955 188.599096138|90.1207180465 -40.3931083737 -17.9056102416 -40.3931083737 102.858799633 -72.1865921467 -17.9056102416 -72.1865921467 154.51653202|
|7|0.00331999816499|199.624796336 182.446812817 194.281859357|101.781624571 93.1520342032 -15.2053846246 93.1520342032 118.499244899 -9.80673162752 -15.2053846246 -9.80673162752 31.6897621686|
|8|0.00145413344912|223.087749404 282.970014281 289.089528394|10.4587748837 8.43808487501 -11.127065908 8.43808487501 86.2573602364 55.0093797644 -11.127065908 55.0093797644 106.795683392|
|9|0.00187222397551|204.367425293 204.541437629 255.968161464|241.55738974 71.3359158303 9.52673558303 71.3359158303 54.0408564118 8.0312991463 9.52673558303 8.0312991463 10.8776848136|
|10|0.00395768639318|196.26238504 269.542113053 242.634713723|40.0743416095 -76.4644048045 -6.02531452878 -76.4644048045 191.135995006 46.3546627653 -6.02531452878 46.3546627653 265.431212731|
|11|0.00492891361742|273.725209366 236.18718718 224.134147218|115.804032533 75.034199142 31.2738451359 75.034199142 84.5931333001 73.7996330507 31.2738451359 73.7996330507 257.86684626|
|12|0.00137229464727|230.326921572 259.846315865 218.854889963|14.9923468243 4.00194923278 2.81460492608 4.00194923278 145.107843406 -72.844606153 2.81460492608 -72.844606153 299.381880938|
|13|4.66908836416e-05|244.712400083 244.827321262 209.085992953|261.711176569 74.5335823374 -93.6036504126 74.5335823374 113.05223176 57.8345047309 -93.6036504126 57.8345047309 247.59060146|
|14|0.00115027370934|230.529249356 239.763555528 219.623712255|79.4939812731 73.797042452 -16.0764050025 73.797042452 129.366716457 27.1077933753 -16.0764050025 27.1077933753 251.565157332|
|15|0.00172254238908|187.394389097 196.960596656 213.071962488|96.5768756216 47.3159841019 -40.0208699364 47.3159841019 238.088574387 14.1388272619 -40.0208699364 14.1388272619 55.6011650594|
|16|0.00202097719961|240.559732458 248.473133316 196.229860472|206.581670683 -12.6868491845 -22.6821711742 -12.6868491845 38.9424176967 -7.74188732013 -22.6821711742 -7.74188732013 38.4774454654|
|17|0.000758725956498|208.626857289 218.859388249 202.47353114|287.157173548 311.578294135 -69.9943892306 311.578294135 440.617039896 -34.6057065773 -69.9943892306 -34.6057065773 100.358886616|
|18|0.00129074727993|224.833997504 235.862664383 255.503286578|30.9161702222 20.7931270718 12.1458858761 20.7931270718 87.9046086294 51.9223025961 12.1458858761 51.9223025961 32.5350531487|
|19|0.00641706166766|174.819922102 173.53067596 229.553291615|9.6487587692 -6.18536326582 6.81605713242 -6.18536326582 135.888947301 46.596290267 6.81605713242 46.596290267 152.751101499|
|20|0.00829248331287|189.130892641 298.153056867 239.852421121|35.3491972362 8.92549706678 42.5615762087 8.92549706678 63.7382598574 63.8729963508 42.5615762087 63.8729963508 509.766236353|
|21|0.0118804382169|223.347371547 170.455783812 220.778462108|24.9459193699 18.8701635414 1.42536488629 18.8701635414 43.1919327063 13.6038610943 1.42536488629 13.6038610943 179.458937055|
|22|0.00455309848667|187.682502152 160.524069179 202.858284947|143.808598962 45.7821968314 18.4453734278 45.7821968314 102.987397865 18.2209025724 18.4453734278 18.2209025724 20.5326795394|
|23|0.00552474320573|223.12770603 248.44346348 178.336598974|69.8706261646 -14.3798466558 -31.0246270068 -14.3798466558 26.4117446709 -25.5684725907 -31.0246270068 -25.5684725907 138.420200495|
|24|0.00148312091918|237.852633378 254.400590739 234.263581936|69.0171248071 107.162626478 -24.7101033155 107.162626478 245.381909691 24.0294356439 -24.7101033155 24.0294356439 85.7164121601|
|25|0.00266475426352|253.575362468 195.472494374 230.416448532|37.4298667746 15.1364145532 -2.00442761887 15.1364145532 14.5171927096 8.38306683044 -2.00442761887 8.38306683044 47.8293282054|
|26|0.000748002337042|207.138626302 226.755832688 206.856534309|259.655959232 219.941718389 -97.163419227 219.941718389 314.289792457 -30.3417702431 -97.163419227 -30.3417702431 98.536552305|
|27|0.00851073996093|208.074153115 300.369583906 262.993133859|68.7909989158 -8.97215378603 35.1896442326 -8.97215378603 74.3192349627 -3.48147957689 35.1896442326 -3.48147957689 221.839356079|
|28|0.00376463722269|192.312123354 145.265668784 226.768676942|24.4751856675 -34.8390340593 5.84097468467 -34.8390340593 269.274397672 -188.85935955 5.84097468467 -188.85935955 206.335273389|
|29|0.00463162166473|206.179203528 184.68364086 240.141915515|28.0397270928 -11.571192222 9.39658785542 -11.571192222 70.752352899 33.2943296669 9.39658785542 33.2943296669 173.62940431|
|30|0.0027720317407|206.711038914 237.757193166 249.345686155|18.1399736828 44.7553336662 18.0600785365 44.7553336662 752.176671306 96.8034469003 18.0600785365 96.8034469003 29.7980403533|
|31|0.00369283091776|195.152639619 247.590243697 270.103463814|26.7583457785 52.0666373453 26.3186609471 52.0666373453 137.791554881 110.818264923 26.3186609471 110.818264923 238.655049594|
|32|0.00179943320758|250.31869817 276.451954193 226.713998619|22.3775693451 5.46074232648 24.220826278 5.46074232648 140.787885051 70.7724994853 24.220826278 70.7724994853 88.5047693168|
|33|0.00282197823312|243.283028863 256.73153982 240.397380681|251.081979122 37.2507485711 -175.452228121 37.2507485711 90.0597836323 -36.0294686947 -175.452228121 -36.0294686947 160.91372881|
|34|0.00671730045945|200.850042466 239.775752428 211.061639827|25.2169149663 -16.2040960331 5.67142905705 -16.2040960331 167.204527612 -47.9572428223 5.67142905705 -47.9572428223 80.1086335765|
|35|0.00205617081321|266.329749726 232.791427962 202.395482433|178.099448132 88.6424305961 63.2440077012 88.6424305961 105.232811534 26.5267076598 63.2440077012 26.5267076598 151.558995325|
|36|0.00579273674129|198.076306978 166.370129803 244.995715412|61.1280308232 27.635209805 21.0880270549 27.635209805 123.978815822 70.381386597 21.0880270549 70.381386597 88.3612654559|
|37|0.000927483304986|256.629302934 252.808274603 207.297917327|183.319806982 -13.9734771853 -11.9440434095 -13.9734771853 126.88742398 28.9678157165 -11.9440434095 28.9678157165 132.855935725|
|38|0.00220297960992|187.495913502 180.111944429 217.189967855|69.1706336136 15.43287473 -6.00161997806 15.43287473 166.733030414 0.135350886481 -6.00161997806 0.135350886481 148.806259932|
|39|0.00535829914236|268.804380775 238.089848742 228.014635043|101.368696539 118.590996476 41.3845961709 118.590996476 246.678260342 107.33744644 41.3845961709 107.33744644 101.375953644|
|40|0.00849460298909|280.186781569 255.138701248 200.369165069|54.6700968082 5.28922284508 -50.6260946985 5.28922284508 89.4438103873 15.0094988558 -50.6260946985 15.0094988558 210.985928631|
|41|0.00238461794982|201.162148357 188.351974263 223.011181682|9.4981541827 20.3624923777 -11.881889 20.3624923777 192.140530798 -67.0304653189 -11.881889 -67.0304653189 53.0039477081|
|42|0.000353728590333|237.080874173 198.337951998 226.380216262|56.3456131258 70.4319128184 -39.7294328093 70.4319128184 91.1121092568 -54.5039264631 -39.7294328093 -54.5039264631 65.1569783034|
|43|0.00118580708167|241.90133671 219.274694561 186.331072779|145.532796983 142.253929084 -16.2058019124 142.253929084 330.85481938 -14.3643744401 -16.2058019124 -14.3643744401 5.12036890017|
|44|0.00322542181733|251.453210916 255.961282615 206.786215569|263.420323486 72.3047389972 -248.727048978 72.3047389972 31.8809458808 -52.0611926754 -248.727048978 -52.0611926754 289.895257392|
|45|0.000130531582943|235.528502871 233.071532551 202.976631959|316.282976723 146.190246976 -133.141156709 146.190246976 138.874768831 -21.8410258644 -133.141156709 -21.8410258644 145.853493594|
|46|0.00686218337205|190.743296565 270.454359141 288.429200835|34.4388727886 4.61836934613 23.5855434296 4.61836934613 180.876658803 0.908481309147 23.5855434296 0.908481309147 90.63195681|
|47|0.00079713823459|209.968399186 259.696327086 267.064255812|106.730117036 -4.1451804828 75.1390890156 -4.1451804828 111.207717325 30.608381102 75.1390890156 30.608381102 89.7467150241|
|48|0.000955454361444|228.696194146 267.303455264 232.966027595|156.706941274 -113.629846974 -59.6297684574 -113.629846974 110.712598243 60.953172263 -59.6297684574 60.953172263 118.202061644|
|49|0.0173783693414|247.759464667 205.747189154 193.827511539|51.0454585478 1.53986552359 13.038436367 1.53986552359 45.2509092331 -16.7068281126 13.038436367 -16.7068281126 154.389263567|
|50|0.00116815740145|275.381725038 288.265977666 233.484754908|77.6657365317 3.59315481906 10.3421599096 3.59315481906 15.1724318353 -3.1812529954 10.3421599096 -3.1812529954 40.5917852017|
|51|0.0054875330983|203.316104079 233.029972441 264.305004725|31.9000994812 -32.3467265241 -9.22223263097 -32.3467265241 70.5969105781 32.6593556121 -9.22223263097 32.6593556121 96.6415555836|
|52|0.00389435936396|208.582155954 282.351961434 214.280326914|77.9815815912 -26.4515004738 -17.4934866366 -26.4515004738 46.861282039 18.5198664591 -17.4934866366 18.5198664591 90.3801827921|
|53|0.00308602036793|200.027185185 297.634681958 202.220657583|170.611241682 -19.6808198639 -105.67000104 -19.6808198639 34.0687338331 28.3258363463 -105.67000104 28.3258363463 114.743421611|
|54|0.00671645886996|204.902596163 228.990538346 222.174975752|113.095391717 0.429605735178 -84.2215736849 0.429605735178 21.5754811216 -17.7991183625 -84.2215736849 -17.7991183625 155.767751809|
|55|0.00707753421973|267.026626286 220.837021211 208.656722622|102.069933049 83.9191844006 2.61026873307 83.9191844006 88.7585740673 -7.82791768283 2.61026873307 -7.82791768283 80.0172920955|
|56|0.00124016166577|211.655675926 249.542797191 265.950815304|95.9384880791 -15.09186153 22.783521757 -15.09186153 313.148850692 174.662871526 22.783521757 174.662871526 141.800542055|
|57|0.00741829995413|172.370413159 199.857505595 223.510196738|41.6169315556 13.8617527937 35.8809174626 13.8617527937 30.9784144669 39.6018586471 35.8809174626 39.6018586471 143.615151499|
|58|0.00243522148071|253.848510636 271.039900982 263.263209178|18.5072432893 -12.4931684521 -3.33720881291 -12.4931684521 57.7833690569 27.457462078 -3.33720881291 27.457462078 155.518321195|
|59|0.00241338044232|188.17670391 200.727019618 214.216558416|44.6800444447 3.25020464273 41.6292959145 3.25020464273 9.94377281903 10.2696724314 41.6292959145 10.2696724314 748.995074612|
|60|0.00745635191457|207.91889652 177.018519412 216.325570051|74.2936845203 14.8285808507 49.5767795199 14.8285808507 24.1858825848 -20.864431787 49.5767795199 -20.864431787 146.762055714|
|61|0.00099386097723|246.647066065 270.111989492 213.412966567|140.465011452 -6.82296663467 -63.1073659688 -6.82296663467 78.6798549644 61.4386004459 -63.1073659688 61.4386004459 147.194663271|
|62|0.00386744779531|164.444510631 170.138847247 230.708210118|11.1129685149 -27.8112763015 -7.54191827292 -27.8112763015 194.180237863 83.8222764907 -7.54191827292 83.8222764907 121.548582464|
|63|0.00327523706689|228.868710493 253.010367648 189.357778567|57.8386200931 -18.0072273903 -16.1978348535 -18.0072273903 51.9532601276 8.20199651591 -16.1978348535 8.20199651591 22.5147101804|
|64|0.00161979379451|259.575955184 241.21443498 190.583322279|117.90769703 98.292963136 -24.1169376709 98.292963136 179.879743884 -17.1576348483 -24.1169376709 -17.1576348483 86.9819612846|
|65|0.0135773925746|163.602734972 206.617057103 229.040038934|26.9436242886 1.80622821618 10.9110832851 1.80622821618 60.6757697287 -12.4743885031 10.9110832851 -12.4743885031 162.773084543|
|66|0.0158369833852|177.423058235 151.568551729 243.1745651|77.1500725182 -22.0630145991 39.6915840653 -22.0630145991 73.2013002883 34.9072892194 39.6915840653 34.9072892194 102.516527806|
|67|0.00353881139913|221.21765023 223.425426971 199.227499039|151.290978166 117.852140574 -96.9315231268 117.852140574 114.94951899 -93.584610247 -96.9315231268 -93.584610247 191.737471391|
|68|0.00502806817572|180.491169229 188.609569639 249.060712774|75.300074052 -32.0762884503 10.8938555904 -32.0762884503 98.4648633813 -18.3486060244 10.8938555904 -18.3486060244 16.7752299039|
|69|0.00187417727409|232.370198993 224.562954437 249.267737624|75.6570359613 129.102096799 -34.8192260582 129.102096799 433.431205261 -78.5572712366 -34.8192260582 -78.5572712366 26.9177502044|
|70|0.00758713203916|210.037086192 155.738094661 211.663050607|36.4854519585 6.82515621393 87.6233948009 6.82515621393 62.0288223579 -30.4793172535 87.6233948009 -30.4793172535 372.711027114|
|71|0.00280806062327|227.170208537 252.998684189 295.954390973|38.456287389 -21.0952365642 -7.41600780655 -21.0952365642 38.1467131025 -0.653080519665 -7.41600780655 -0.653080519665 62.6327002876|
|72|0.000447415483234|226.672912257 241.996219524 236.298617351|132.617019623 138.327641406 -41.7879031408 138.327641406 228.003690932 -78.825308441 -41.7879031408 -78.825308441 145.940028978|
|73|0.00408664926587|231.41032831 237.236379838 266.575304173|13.5841362638 -24.8130431866 -11.108007414 -24.8130431866 248.753316822 101.656352279 -11.108007414 101.656352279 145.494361797|
|74|0.00227375464787|230.437909295 210.112780768 240.741296211|67.8942026135 30.8757213163 24.5132705759 30.8757213163 22.3578459164 18.2088675185 24.5132705759 18.2088675185 39.2967944302|
|75|0.00143493567566|268.876142769 230.705343587 201.545524456|126.547717871 87.2666899466 23.3463929142 87.2666899466 125.327418494 13.6192101467 23.3463929142 13.6192101467 196.7200733|
|76|0.00301929470026|180.651490445 187.073459765 228.531480326|49.888772322 -32.6571030807 -60.271299904 -32.6571030807 139.006345825 103.712315293 -60.271299904 103.712315293 285.621481386|
|77|0.000707566872769|232.322745391 241.618795264 200.424994762|123.807806688 28.7804506986 -53.7537200233 28.7804506986 101.009463199 -23.8232805324 -53.7537200233 -23.8232805324 79.2694093057|
|78|0.001355650359|233.274958592 244.161375159 231.903340964|224.659004667 88.8978744943 -1.73835402844 88.8978744943 81.5076300246 -19.8660119341 -1.73835402844 -19.8660119341 96.7486870571|
|79|0.00272001364394|212.075044709 200.694388137 244.631209521|60.4288066367 50.4921670053 -17.5164639028 50.4921670053 176.369206685 80.4252610119 -17.5164639028 80.4252610119 83.6321948355|
|80|0.00964206821048|217.492572806 169.896453337 197.404378722|36.54040219 13.9908972884 23.5605791517 13.9908972884 74.3904812644 -40.5893293121 23.5605791517 -40.5893293121 115.50400673|
|81|0.000681993933244|209.076944738 218.280629335 207.365068491|305.077896469 330.611265116 -26.9394356309 330.611265116 437.601520032 8.50719862821 -26.9394356309 8.50719862821 117.449385837|
|82|0.00274563620738|226.058130729 252.259575039 221.685526289|62.8444694326 69.8561675294 -23.6769298903 69.8561675294 95.4052287981 -76.2105947402 -23.6769298903 -76.2105947402 266.99170436|
|83|0.00461372993135|185.509104215 173.711695424 204.830537498|116.844238669 21.6855390977 -73.282860055 21.6855390977 125.625521137 -55.1195496628 -73.282860055 -55.1195496628 71.6714185489|
|84|0.00256495941772|193.104819993 198.490534663 217.135941909|81.0228340432 65.5872992736 -30.0946035879 65.5872992736 110.700687028 -20.732329452 -30.0946035879 -20.732329452 46.6034516139|
|85|0.000680936255871|192.907103903 253.949000604 260.370734992|58.906386499 138.021635485 119.255278387 138.021635485 596.773956916 516.377850371 119.255278387 516.377850371 466.788995083|
|86|0.000787783652006|205.703590913 206.691898645 251.90732148|46.5154158103 111.717006052 38.5412947774 111.717006052 568.310727258 158.201649697 38.5412947774 158.201649697 107.76358165|
|87|0.000444949394149|189.088129359 199.138899914 214.488726099|98.7558645979 61.0419516263 -33.8891023346 61.0419516263 296.734886432 36.9656977797 -33.8891023346 36.9656977797 69.4336509493|
|88|0.00882186940246|283.520827985 230.94146318 225.383520836|78.4433689574 60.3919853049 24.2866440196 60.3919853049 98.646131874 51.6610184212 24.2866440196 51.6610184212 188.423380355|
|89|0.00467096075581|189.798367875 167.94993807 218.455999369|127.511474393 34.5535088165 -9.4000403313 34.5535088165 49.0877081462 0.637926730778 -9.4000403313 0.637926730778 131.305481993|
|90|0.00558652487651|287.150705826 230.550894526 203.611302866|107.547483237 83.2237518673 41.3669950235 83.2237518673 102.451676083 46.0233040337 41.3669950235 46.0233040337 67.8409924755|
|91|0.000948752587976|221.702374314 276.915484902 265.077577264|194.035564568 62.113544036 -28.2577518205 62.113544036 39.7875544495 -9.99583543051 -28.2577518205 -9.99583543051 5.54094751492|
|92|0.00171525579854|237.61737046 247.714337543 185.197890732|138.129439547 37.2672024049 -151.681963274 37.2672024049 17.8548931084 -64.5046542757 -151.681963274 -64.5046542757 280.681763621|
|93|0.00911768080348|286.637262085 253.255785206 218.424905715|34.5684621402 -15.4582871353 -4.00012275346 -15.4582871353 107.389083189 -116.491976363 -4.00012275346 -116.491976363 363.346575745|
|94|0.00414043340448|204.042812276 196.287087149 268.703058663|63.7029258976 0.926333554015 -6.69860070657 0.926333554015 38.0730622051 -15.6824140866 -6.69860070657 -15.6824140866 34.4005480678|
|95|0.00375443148809|250.774794888 252.319200158 241.071306101|34.0959200007 -11.5325981516 -4.44129460445 -11.5325981516 64.6178793871 104.377231639 -4.44129460445 104.377231639 250.376775062|
|96|0.00462251572651|264.329005918 258.659822517 217.906631037|39.3323600387 24.2542959986 -7.73539532496 24.2542959986 102.447463668 -43.2052395114 -7.73539532496 -43.2052395114 141.059306365|
|97|0.00147715497353|258.811431099 256.056963771 161.001229855|29.1231809555 -13.1232448088 30.2297390763 -13.1232448088 20.6059870714 -14.7360532058 30.2297390763 -14.7360532058 211.883637693|
|98|0.00142655587334|203.74447099 192.973591176 274.846757338|39.034546876 -13.4116725238 -65.658995123 -13.4116725238 11.5971776374 10.1970475623 -65.658995123 10.1970475623 375.255007365|
|99|0.00120542889787|250.178419663 233.750683742 193.420763513|87.5693164477 86.9857238152 21.1801638994 86.9857238152 156.580981484 21.6687940885 21.1801638994 21.6687940885 106.442106031|
|100|0.00998372404962|195.824513164 228.647167633 268.876697851|45.7436344048 -18.6872238964 -9.29153744988 -18.6872238964 33.8942593043 20.801781392 -9.29153744988 20.801781392 358.897557606|
|101|0.000502410937669|224.743230082 238.616896031 221.248453264|163.191320974 153.105177483 5.7532526733 153.105177483 228.230874504 88.7874517817 5.7532526733 88.7874517817 184.426243188|
|102|0.00215155087273|193.951914561 260.207930243 263.022467564|56.6414539161 21.004094623 11.575630755 21.004094623 110.25386911 21.3404522437 11.575630755 21.3404522437 147.55123161|
|103|0.00363106577511|198.021473513 289.017473187 253.930030193|25.3684484108 -6.27360988566 20.4645179968 -6.27360988566 142.415243734 -180.063098098 20.4645179968 -180.063098098 435.005765537|
|104|0.00324830374876|217.786761387 198.14291468 186.773365152|557.464401303 254.760120838 -202.794281969 254.760120838 128.361878167 -99.658113502 -202.794281969 -99.658113502 106.658005388|
|105|0.000932236036454|275.633905028 238.907508357 251.054341848|152.67462122 114.425895835 -40.216692268 114.425895835 88.6507936797 -45.1161167591 -40.216692268 -45.1161167591 130.087846336|
|106|0.00250452858251|259.800581487 212.803431713 227.487328709|432.584943315 263.332612905 -89.4833714975 263.332612905 172.781375116 -47.0830480063 -89.4833714975 -47.0830480063 49.0514136313|
|107|0.00514520844731|252.279804554 227.344320247 201.265495001|79.0117901835 35.1227280072 -54.3684149507 35.1227280072 74.4133301586 -157.843909056 -54.3684149507 -157.843909056 389.976086467|
|108|0.00567441059475|195.543607184 245.563292818 229.687666303|15.4254435936 10.9755997578 2.97896049944 10.9755997578 142.881510028 -14.7443691212 2.97896049944 -14.7443691212 130.53446322|
|109|0.00383014605164|200.819177153 218.357699375 202.485193583|181.294659057 127.154475284 -139.310061026 127.154475284 172.988963071 -48.2038723116 -139.310061026 -48.2038723116 171.247226061|
|110|0.000561543194643|207.458423565 212.064636091 240.788176002|44.4113466493 105.376470135 11.5383050832 105.376470135 261.753666157 25.0370073636 11.5383050832 25.0370073636 12.2273699068|
|111|0.000808719246079|251.617336914 249.292433144 215.154665797|170.493577928 28.4719960541 -43.735374672 28.4719960541 50.2463581473 16.3275206552 -43.735374672 16.3275206552 207.225115532|
|112|0.000274003238351|228.579110047 243.585107645 226.010846414|123.494542043 120.466846647 -59.606260216 120.466846647 188.860925712 -31.986135453 -59.606260216 -31.986135453 252.119154165|
|113|0.000922487917573|198.573919304 198.818810166 212.854863359|86.6808937016 97.8588156246 -64.9497943554 97.8588156246 213.706207539 -5.52991534035 -64.9497943554 -5.52991534035 136.745611774|
|114|0.000566791489162|202.1514589 234.367439784 221.268115583|101.045021877 -9.62919717592 -76.2532231932 -9.62919717592 59.0369704759 35.9980388063 -76.2532231932 35.9980388063 159.868665321|
|115|0.00257365142316|222.250038809 286.338908978 193.662369949|39.463029179 -64.1367416071 -46.7321042154 -64.1367416071 208.662802611 243.566066813 -46.7321042154 243.566066813 374.580335087|
|116|0.00198005302919|262.524071522 234.834508703 182.940927407|141.506572816 106.888717476 49.5309795219 106.888717476 173.291092176 16.1600230804 49.5309795219 16.1600230804 28.6107501303|
|117|0.007303254289|284.105517177 234.40089842 187.575725274|61.8959429101 62.7697995587 74.9980084729 62.7697995587 106.326849172 53.9594474319 74.9980084729 53.9594474319 337.13381341|
|118|0.00530410500315|183.069798513 180.997945111 211.09315006|61.5626852396 -28.6299759907 -41.3370190975 -28.6299759907 86.9998483591 38.4467872136 -41.3370190975 38.4467872136 180.638348413|
|119|0.00693305153565|182.500769047 182.795797234 262.09102765|141.188315271 -45.915848388 3.27073394577 -45.915848388 112.870142473 25.6474392583 3.27073394577 25.6474392583 27.0444062688|
|120|0.0119421933666|212.783226341 163.844185419 241.039981947|27.7919136799 11.6670773088 19.8373340896 11.6670773088 117.923263356 78.621974968 19.8373340896 78.621974968 163.412358621|
|121|0.00300253892196|187.981183522 173.167792067 233.664147198|57.8961162229 -6.80583691972 22.0054898104 -6.80583691972 161.621294952 38.709703032 22.0054898104 38.709703032 125.677644123|
|122|0.00783860390521|181.676153922 275.771479189 258.242116635|21.1539657846 14.7987001456 -6.92570616004 14.7987001456 94.3061548189 -83.5591278727 -6.92570616004 -83.5591278727 260.245348494|
|123|0.00413136026344|196.816117083 261.62721092 234.235614663|20.7003091474 -10.3621995247 7.77536915325 -10.3621995247 87.5692871023 17.2360558209 7.77536915325 17.2360558209 301.251957664|
|124|0.00490325715163|193.545949348 199.644470764 195.980819546|124.632248716 6.68706116214 -27.5739471282 6.68706116214 25.0732903477 2.12573524312 -27.5739471282 2.12573524312 76.3582196582|
|125|0.00681018403772|198.411345741 143.441467198 210.639110219|51.0163546657 -2.38654084213 16.1143909773 -2.38654084213 72.6079677842 -35.3652432432 16.1143909773 -35.3652432432 73.5345416096|
|126|0.000427581139002|220.212266172 247.415717531 189.005945337|1.83692091099 18.539341119 13.7692188904 18.539341119 1398.91261314 1010.59519206 13.7692188904 1010.59519206 740.757214875|
|127|0.00113818907482|203.935865199 196.372252076 204.372391845|170.522621334 237.825654094 -72.1431806441 237.825654094 340.566888953 -95.9682256925 -72.1431806441 -95.9682256925 58.6522793203|
|128|0.000885316985533|233.16954557 256.148450198 235.745630141|83.2454817629 88.6773601535 -28.5016343295 88.6773601535 188.255656187 -25.5915445386 -28.5016343295 -25.5915445386 134.339795129|
|129|0.00398816676084|253.59867288 220.139093224 196.252383143|321.634059115 237.079713374 82.0659010917 237.079713374 209.854903388 60.6342723386 82.0659010917 60.6342723386 38.2876059945|
|130|0.000716652862191|233.021572832 247.439245304 236.744270966|111.673848685 126.750977494 -42.7625025341 126.750977494 223.35794253 -59.4924066247 -42.7625025341 -59.4924066247 170.080868645|
|131|0.00120747202357|174.903086275 220.187720383 302.400549284|24.1316792233 15.4839371987 11.7588933554 15.4839371987 43.3004291289 -31.4429765053 11.7588933554 -31.4429765053 112.934379614|
|132|0.00287956133057|219.555676882 240.663983601 269.822307894|57.5239466269 29.8249512307 35.1205071046 29.8249512307 183.800769741 144.461776502 35.1205071046 144.461776502 162.20827422|
|133|0.00258485513541|195.836022036 264.078263376 278.215027985|37.1503586374 46.5095956936 23.1195059556 46.5095956936 150.156882442 22.5292655885 23.1195059556 22.5292655885 167.969271939|
|134|0.0087824339414|170.821878924 203.077867449 253.367615907|44.7268013 14.3061270399 -63.8679786571 14.3061270399 64.5791692506 -86.5954616721 -63.8679786571 -86.5954616721 331.101709116|
|135|0.00197864298625|252.753142245 236.380402885 233.128665409|94.639409363 -41.7301941338 -60.4790115137 -41.7301941338 34.0287358161 25.8280045288 -60.4790115137 25.8280045288 80.9219444026|
|136|0.00109659863304|234.836142889 257.120088406 203.466374333|28.2383914261 -0.437916152856 2.69313781425 -0.437916152856 187.434297784 69.7170141892 2.69313781425 69.7170141892 27.8302978445|
|137|0.00297835562606|238.452261372 260.4752644 248.332749297|18.9377950579 61.6387118918 18.9753426502 61.6387118918 402.372372307 10.3255079443 18.9753426502 10.3255079443 100.08601698|
|138|0.00349486720191|197.117764343 195.653975599 260.482226082|69.1420971474 -4.65056191789 -32.1147684864 -4.65056191789 36.7224995993 -17.4145515166 -32.1147684864 -17.4145515166 50.3029140416|
|139|0.0024424756641|186.291794355 179.508152675 224.41764647|62.6528666856 -9.01690429272 0.436547485268 -9.01690429272 173.446164481 14.2123381231 0.436547485268 14.2123381231 164.196365524|
|140|0.00187805616317|211.123109943 206.456902591 200.484783489|118.746077962 170.461086938 -156.38192979 170.461086938 267.040174287 -219.875667456 -156.38192979 -219.875667456 250.298715935|
|141|0.00248715473747|193.695179025 188.88843255 236.2777799|115.513943242 -26.3419821666 -7.50202315177 -26.3419821666 73.2371295163 38.6956693035 -7.50202315177 38.6956693035 133.768610473|
|142|0.00464941288168|190.850540266 275.502678055 260.490986436|30.0136495221 41.8287796252 -0.826586017443 41.8287796252 191.63206127 -52.4747330771 -0.826586017443 -52.4747330771 207.75435009|
|143|0.00934643065269|188.476158544 272.163340329 237.047688505|13.3981570166 6.3102847406 -8.13569624122 6.3102847406 119.990925829 -139.104203942 -8.13569624122 -139.104203942 513.995860677|
|144|0.00349594177073|215.561831783 216.720498151 265.537504065|69.6107034318 97.616275249 78.3170892991 97.616275249 407.440039107 213.116557245 78.3170892991 213.116557245 140.012798252|
|145|0.00576102784703|199.150666704 175.273020752 250.256931858|53.8526741857 5.06419913196 15.2857348965 5.06419913196 158.601854673 58.5732579414 15.2857348965 58.5732579414 63.4411218543|
|146|0.00230574310686|193.226323529 175.923974069 224.010997699|88.3426591418 -5.7096174075 10.1176315968 -5.7096174075 179.094462443 5.75626631348 10.1176315968 5.75626631348 154.466436827|
|147|0.00282729207987|185.290679157 188.863856778 241.107285565|22.9830497291 47.1605064478 43.8632963305 47.1605064478 196.914468259 2.9016454895 43.8632963305 2.9016454895 231.044038717|
|148|0.00578306562111|191.608509256 252.922059617 255.268292648|28.7590070283 -17.4744466431 -24.1173719429 -17.4744466431 132.614213712 39.6143341954 -24.1173719429 39.6143341954 237.432991198|
|149|0.0081253528862|188.850764227 262.068725576 203.286471694|24.8374870367 -24.1371877312 1.6575783459 -24.1371877312 94.5326465713 -18.8455688908 1.6575783459 -18.8455688908 278.072738563|
|150|0.00911260052283|280.0171632 232.681097323 194.054728758|92.1496740996 71.530971494 36.4867436802 71.530971494 110.590958114 4.45026970444 36.4867436802 4.45026970444 169.737173441|
|151|0.000886850682141|249.578482654 250.495059816 204.444450451|200.273954895 30.9799898895 -27.8380579399 30.9799898895 66.6653761988 13.4923792288 -27.8380579399 13.4923792288 138.066544337|
|152|0.00434342404316|194.959917212 165.525535949 231.510634524|87.2232724086 8.92140277324 19.535255125 8.92140277324 122.215680054 31.2475690912 19.535255125 31.2475690912 143.033576597|
|153|0.000578057705908|231.663820346 238.557560611 200.759377386|245.290726235 124.909567259 -91.2451896069 124.909567259 161.593770376 -22.0232311721 -91.2451896069 -22.0232311721 115.920562926|
|154|0.00452005647781|269.489663751 262.310904538 209.278147035|65.5607082614 -4.69315987903 19.0628159279 -4.69315987903 111.26802699 -50.3245635508 19.0628159279 -50.3245635508 63.8228784944|
|155|0.00106525666739|220.633451042 231.046841737 214.159378156|128.14396013 27.8441922759 -80.6762319413 27.8441922759 74.5277135963 20.1908322028 -80.6762319413 20.1908322028 165.145568566|
|156|0.00523269278781|214.891939584 289.859864149 245.373904998|83.5228273214 37.5887172543 73.1881639383 37.5887172543 58.2552660893 11.9281388663 73.1881639383 11.9281388663 245.217384362|
|157|0.00308051176919|263.205601367 255.632743548 177.33846742|52.8141628214 -42.9010670232 -38.9861132372 -42.9010670232 279.560948504 78.3674527938 -38.9861132372 78.3674527938 69.7059260998|
|158|0.00473403258218|220.816475832 282.150791534 252.919221367|40.9669125812 -9.99547965536 -15.4306795526 -9.99547965536 70.7099418882 168.21198561 -15.4306795526 168.21198561 584.954771467|
|159|0.00167377227813|199.341656438 173.803135618 217.842706858|41.3441295398 10.2852984606 8.88111860983 10.2852984606 184.962178373 1.78990903417 8.88111860983 1.78990903417 136.191516814|
|160|0.00718130085455|175.002684305 181.104498581 229.201684942|22.2594197627 -1.12552581405 -18.2871862457 -1.12552581405 187.964893493 47.5774847301 -18.2871862457 47.5774847301 195.455679617|
|161|0.00485968350081|254.314387645 201.569142891 221.77304341|102.673067817 49.5454150215 -63.2516054848 49.5454150215 31.6660602406 -21.8295291386 -63.2516054848 -21.8295291386 147.047218069|
|162|0.00579791080774|186.100530875 170.649015006 228.957659882|39.1163110841 -44.86365023 9.71518610732 -44.86365023 163.789556614 -12.4335064096 9.71518610732 -12.4335064096 97.7281041968|
|163|0.00252280567549|231.087418716 260.526659297 202.184748708|18.7291466594 50.4884703157 -33.7525324768 50.4884703157 312.383175634 -146.211930681 -33.7525324768 -146.211930681 99.0461794062|
|164|0.00741599869159|177.781137362 153.732335535 217.011218532|114.469543299 -12.5410187671 -20.3914275947 -12.5410187671 50.5354181929 44.1131544275 -20.3914275947 44.1131544275 97.4741691641|
|165|0.00442129721234|191.340089909 163.32264986 190.777066098|30.8649187613 -39.2126344664 13.045506952 -39.2126344664 112.010619451 7.32943353773 13.045506952 7.32943353773 84.3992198353|
|166|0.00588578387403|269.584580301 228.481602795 252.244917587|102.731541495 -2.24349221121 24.5496968916 -2.24349221121 19.218187926 1.37638724368 24.5496968916 1.37638724368 178.815499758|
|167|0.00264691426735|235.174549772 272.879784619 215.433025802|75.7901581105 50.2600646255 37.6868725174 50.2600646255 103.558304437 -10.1163889296 37.6868725174 -10.1163889296 196.747688185|
|168|0.00439864184436|261.263208566 217.630260553 195.70732403|40.183363385 43.2291102778 -22.3109198614 43.2291102778 85.2239851479 -30.264189194 -22.3109198614 -30.264189194 201.747835159|
|169|0.000786726663437|207.765708346 214.571038331 196.493824021|77.9535388814 116.24123764 -36.6967359541 116.24123764 307.202856746 14.0527415794 -36.6967359541 14.0527415794 90.0021280098|
|170|0.000994299273648|207.680658095 226.610978167 150.857449429|74.5032461664 -43.5926025917 13.5962685923 -43.5926025917 41.1943551552 -22.3430554299 13.5962685923 -22.3430554299 37.7909347422|
|171|0.0021079781387|190.92774812 246.545681638 219.14409374|26.4104341801 -60.7332190447 -38.3660638199 -60.7332190447 394.5879325 117.617774428 -38.3660638199 117.617774428 96.3069614345|
|172|0.00803587124595|209.453760754 171.51672434 204.344567831|56.3614313546 32.2602746259 97.4605220595 32.2602746259 38.5945260459 45.3568194967 97.4605220595 45.3568194967 281.313659797|
|173|0.00188972433694|221.245885665 240.41390955 266.112638403|31.8112133929 6.9208516418 23.3334084785 6.9208516418 492.863483601 273.013536131 23.3334084785 273.013536131 202.639461043|
|174|0.00227243778895|193.316029423 231.429567867 205.716655007|30.7372454178 29.4473391273 -34.6565341487 29.4473391273 107.732705198 -36.8487678544 -34.6565341487 -36.8487678544 57.3542821444|
|175|0.000739112888121|201.233641159 203.553240554 230.328851527|26.2686516888 45.0783840669 43.2932177073 45.0783840669 138.305267089 6.6350648526 43.2932177073 6.6350648526 164.370596349|
|176|0.00365850025995|196.791508159 275.589446181 250.701130957|52.0999352059 32.6859567039 -31.3169909308 32.6859567039 219.687688818 -124.679877629 -31.3169909308 -124.679877629 133.580662411|
|177|0.00742875361599|202.506741347 174.547829463 189.316889477|108.296702092 54.7168094852 -6.53917994139 54.7168094852 51.0286087564 -19.8627444744 -6.53917994139 -19.8627444744 41.1823918209|
|178|0.00102068072508|234.606909846 256.622768127 251.073978108|247.432784776 68.9949625431 -184.037252874 68.9949625431 52.2333690155 -75.8481065638 -184.037252874 -75.8481065638 207.096502543|
|179|0.00821904174123|179.511496158 163.744496004 241.226356308|58.4817748727 -25.0811438554 -6.19115940083 -25.0811438554 93.6129353327 56.6623433392 -6.19115940083 56.6623433392 71.2387075953|
|180|0.0109536291581|219.029588722 183.740216307 251.503708044|29.579328602 -13.2599594314 -23.0244555475 -13.2599594314 48.0243628947 6.73959982659 -23.0244555475 6.73959982659 150.314285746|
|181|0.00361126605664|203.607587079 167.400785207 210.541445959|27.8824114539 -4.98159571654 -10.0566367152 -4.98159571654 120.66098254 -98.3341525132 -10.0566367152 -98.3341525132 107.436563312|
|182|0.00660486494628|203.718128428 240.174519817 234.041564761|96.5417897834 -65.8664183894 -40.362725105 -65.8664183894 129.749079653 -32.0422956049 -40.362725105 -32.0422956049 195.730647959|
|183|0.00161807359758|212.432631217 254.366898701 283.102921037|63.5800841495 4.24713506608 -51.1483389988 4.24713506608 37.6393231592 62.5834388072 -51.1483389988 62.5834388072 183.582439771|
|184|0.00575019948312|183.759968976 234.777008112 267.482989382|60.9503235811 14.7469276999 -12.5381663107 14.7469276999 60.6917339674 -51.1735008608 -12.5381663107 -51.1735008608 107.912215822|
|185|0.00102551477343|190.505423666 181.573084974 235.729370182|73.6481297107 23.629574826 47.6863626741 23.629574826 136.777720706 34.5904476736 47.6863626741 34.5904476736 135.738799932|
|186|0.000512130562868|214.301204217 236.246908572 246.794289742|159.79506861 66.0133037466 -90.3082301808 66.0133037466 83.9431702733 13.6673762282 -90.3082301808 13.6673762282 102.642475474|
|187|0.0158658160861|215.582854858 186.680882146 201.187590822|30.1086964441 -9.01325396414 18.8679481386 -9.01325396414 40.3179970623 -2.1416211308 18.8679481386 -2.1416211308 301.707258078|
|188|0.00304633389519|188.976668503 241.955113927 241.206748467|3.19147738215 -12.7435568608 -0.257209031784 -12.7435568608 188.979164994 38.3186556397 -0.257209031784 38.3186556397 127.59374359|
|189|0.00416536231924|243.047396173 250.118830667 174.229894115|158.022794178 -75.7731945995 4.15577300588 -75.7731945995 59.4728131193 -11.5081394629 4.15577300588 -11.5081394629 37.4887186841|
|190|0.00106978566495|205.170039875 204.703226363 256.005427257|14.0736997699 46.9092949631 12.2566091572 46.9092949631 1369.52573116 72.0348878494 12.2566091572 72.0348878494 66.0037995865|
|191|0.0179878526284|241.764828085 205.581291426 230.707947999|59.7434090621 -12.1435028012 36.8272707333 -12.1435028012 31.2833797672 -29.3981573957 36.8272707333 -29.3981573957 200.491633213|
|192|0.00520186770298|252.395793732 212.646187574 211.507647253|52.2801180804 19.7359453099 -16.2637781362 19.7359453099 62.2176507009 -17.8732642466 -16.2637781362 -17.8732642466 89.8276573734|
|193|0.000194516590671|224.785126746 240.458311394 224.803065637|145.978142557 137.771224552 -18.3963905894 137.771224552 205.584647146 54.4630048675 -18.3963905894 54.4630048675 219.687653562|
|194|0.00393514651317|236.332144096 247.164891786 241.97760458|76.6659387801 129.541108531 23.4167562262 129.541108531 304.892291154 -0.18708319265 23.4167562262 -0.18708319265 57.2278593296|
|195|0.0128090487469|229.341112672 214.603016666 186.350847669|127.324496284 -42.661696107 91.8015833776 -42.661696107 35.5864615647 -49.974743836 91.8015833776 -49.974743836 238.739939095|
|196|0.00525322764175|224.409953798 250.595428161 225.49391205|14.9146402068 4.72195285297 24.4334139503 4.72195285297 287.126371776 116.439108858 24.4334139503 116.439108858 253.913892537|
|197|0.000612845191402|199.707582667 177.769299625 224.008228903|53.0152658883 -5.97931445076 9.74503034526 -5.97931445076 172.851603284 7.37645694308 9.74503034526 7.37645694308 170.98840708|
|198|0.00499603091954|280.546654588 249.255323457 196.208547933|74.0061538318 18.4976097903 26.9864314518 18.4976097903 116.088083449 -36.9219203984 26.9864314518 -36.9219203984 180.22615976|
|199|0.00308730838224|214.520688942 239.637643475 222.992406755|183.902813764 37.9818956979 41.0217792963 37.9818956979 23.4694419459 20.2130121619 41.0217792963 20.2130121619 57.14057744|
|200|0.000903759651116|231.450364905 259.834272666 222.789667654|48.9128998958 41.6966004961 6.02508753631 41.6966004961 152.539944611 -50.3530749571 6.02508753631 -50.3530749571 268.525130307|
|201|0.00192290027654|238.535317376 242.211887081 226.353050378|86.2114223054 95.2484303042 9.87284829876 95.2484303042 151.586011633 58.7211399992 9.87284829876 58.7211399992 64.3419369102|
|202|0.0053240154118|270.953979506 236.31445653 194.230977655|77.6998803493 92.7052704682 2.59044981549 92.7052704682 157.178572461 3.38518197514 2.59044981549 3.38518197514 181.701316387|
|203|0.00186860685497|221.701005859 211.092334101 257.951839864|25.8753464803 68.9895837836 49.2980024561 68.9895837836 242.149681548 158.500956522 49.2980024561 158.500956522 179.260576388|
|204|0.00436104315764|195.613628425 257.377668293 176.234687015|56.0317662174 -34.4922637252 67.7015556735 -34.4922637252 46.181040215 -58.2966296257 67.7015556735 -58.2966296257 226.210599312|
|205|0.000372990911851|200.896547769 195.097289389 241.925410958|150.909157494 170.102039559 60.6082179618 170.102039559 376.876917677 91.0317202869 60.6082179618 91.0317202869 69.4327901812|
|206|0.00263154943566|219.916970405 241.157754842 207.716479686|82.6590971209 0.457565455731 -117.309334847 0.457565455731 117.033895684 -52.9769321925 -117.309334847 -52.9769321925 221.594123432|
|207|0.00735823458333|181.036409531 270.336561934 233.65899223|14.372460432 -21.6731126866 -3.36132767444 -21.6731126866 218.292179535 -99.086297798 -3.36132767444 -99.086297798 165.544009323|
|208|0.00378317199216|201.941604014 167.985400649 222.181980152|57.3896021928 28.8053788705 20.3148368266 28.8053788705 116.264161556 16.3217768198 20.3148368266 16.3217768198 199.320509521|
|209|0.0045019005762|276.772234562 264.228490763 229.291313328|26.7668791041 8.53598552454 15.5862170067 8.53598552454 75.0936345666 -45.6524451676 15.5862170067 -45.6524451676 217.315295244|
|210|0.00306685301896|229.925502212 250.826436803 234.49418935|39.3585915908 8.68850797822 -61.4215893538 8.68850797822 71.5875471585 -69.3857917479 -61.4215893538 -69.3857917479 182.482094477|
|211|0.000630188627532|206.48615861 232.349083671 237.500977998|113.00969878 -25.4314313868 -84.4290389944 -25.4314313868 23.9113967553 31.885011508 -84.4290389944 31.885011508 258.878625773|
|212|0.00313777727307|204.576578791 193.044687086 180.389445858|51.8114338978 46.6737778956 -6.25451752843 46.6737778956 98.8579880873 16.4954305082 -6.25451752843 16.4954305082 26.0703797416|
|213|0.00724607410985|224.740997251 217.21002813 252.835010336|66.0337459615 -30.497568146 -75.7894240331 -30.497568146 27.1117020524 52.5924924606 -75.7894240331 52.5924924606 463.444536312|
|214|0.00401939704185|272.875963573 271.510459324 186.480058208|27.4154230945 1.87058592614 -0.171091697193 1.87058592614 66.1870271163 -59.0270327638 -0.171091697193 -59.0270327638 151.831187276|
|215|0.00247668345188|256.874802547 241.270909714 200.988058142|87.3952101571 55.0622092848 -38.9496405259 55.0622092848 116.847920404 -135.590150807 -38.9496405259 -135.590150807 178.428467946|
|216|0.00502410135599|293.202875213 258.485206294 226.599613938|34.5225452334 -9.71089031296 -26.602172746 -9.71089031296 38.9568351013 -17.2483530483 -26.602172746 -17.2483530483 330.639437003|
|217|0.00150647669127|199.910313294 205.715601795 204.197741631|96.3039891585 101.095993665 -56.3993374923 101.095993665 284.778406957 -4.41076735697 -56.3993374923 -4.41076735697 104.346955986|
|218|0.00144290458604|259.508326466 249.208892885 213.677775952|177.879280123 -2.06908032421 -20.4234320981 -2.06908032421 57.8904736078 14.588925557 -20.4234320981 14.588925557 162.846579509|
|219|0.00146476713376|188.72737518 234.932842723 247.892372346|103.381809196 -20.2749107019 -99.0606153152 -20.2749107019 16.2412552312 13.8397434963 -99.0606153152 13.8397434963 117.335228387|
|220|0.0112652703045|184.332064005 143.013950291 222.482581619|85.3335113176 -18.2745008131 26.193817119 -18.2745008131 48.8587939902 7.92621251613 26.193817119 7.92621251613 113.585151417|
|221|0.00165221461441|253.408712845 249.706441295 179.780578285|42.2048174745 77.0460810303 48.1021875906 77.0460810303 168.893348337 104.34024125 48.1021875906 104.34024125 72.9240838411|
|222|0.00077446996263|249.933802088 257.369957655 204.63800568|164.155201277 19.29605693 -3.00964936093 19.29605693 179.595619506 90.2256827168 -3.00964936093 90.2256827168 124.432695021|
|223|0.00316553070352|193.259280522 172.49028562 229.377282761|100.36937218 15.537795482 23.7001755454 15.537795482 152.118463062 26.0946793415 23.7001755454 26.0946793415 145.830569003|
|224|0.00562144789184|226.267974896 263.882587026 239.211119935|120.60557923 -158.372539473 -275.536836344 -158.372539473 263.072463052 445.16774936 -275.536836344 445.16774936 820.187123393|
|225|0.00194533794168|209.836059558 262.783544499 265.491914123|86.4447269686 7.37029498992 47.6582457104 7.37029498992 122.980024258 -4.9569847839 47.6582457104 -4.9569847839 51.2383350226|
|226|0.00123044405052|249.119183317 243.381175095 188.353260395|197.808191341 -11.507670745 -98.6712410193 -11.507670745 57.048741717 43.9353287261 -98.6712410193 43.9353287261 119.749422371|
|227|0.00769172485061|270.477139266 212.787425407 198.9628498|61.2826894979 27.8761501907 72.8798237236 27.8761501907 40.4585905411 19.1892336184 72.8798237236 19.1892336184 194.353826943|
|228|0.0102352841672|216.532182911 291.245492111 222.52294143|97.1105625254 -91.6959860589 53.1367655165 -91.6959860589 135.202451672 -28.7553558012 53.1367655165 -28.7553558012 184.502730341|
|229|0.000920073690745|200.447768264 219.348172122 249.292203501|51.4505883728 89.9038242316 50.7799182863 89.9038242316 399.088589825 175.244985905 50.7799182863 175.244985905 82.2239628533|
|230|0.000184979788209|220.501603072 218.199049867 249.499166918|133.361099875 180.398654894 4.65442063724 180.398654894 418.659858821 29.2621554521 4.65442063724 29.2621554521 50.914601292|
|231|0.00742035436114|172.07838185 208.185101232 212.30769166|59.8261196703 -1.84257326869 21.5456091326 -1.84257326869 52.9374790872 44.2174919342 21.5456091326 44.2174919342 128.941744237|
|232|0.00376194906412|218.913141488 175.735140786 216.747198735|63.2956140666 68.1738689897 39.5981034635 68.1738689897 97.4891978264 43.8593536124 39.5981034635 43.8593536124 58.2597271892|
|233|0.00140676183513|204.805542937 225.267341237 303.314761444|15.7065231417 -6.73431544467 1.05319790695 -6.73431544467 22.8317779083 -0.302359735696 1.05319790695 -0.302359735696 46.0191709252|
|234|0.00102551152068|231.305781504 236.613096872 209.049218565|65.0045565778 85.4259651341 -18.3246092822 85.4259651341 131.873022626 -26.3407947531 -18.3246092822 -26.3407947531 116.691980183|
|235|0.00679242042739|200.979719385 158.925589056 217.913756335|55.9817213696 37.9095415586 26.7252921409 37.9095415586 80.2235426383 12.3209388552 26.7252921409 12.3209388552 136.782703607|
|236|0.00336856920027|231.534563312 260.881262972 234.847387315|89.9587135998 96.6799743794 18.9419547381 96.6799743794 191.333305181 -39.3709182369 18.9419547381 -39.3709182369 141.697671838|
|237|0.00748412308004|249.969772142 287.06235501 213.690599034|46.1904550941 12.3334940598 27.0708493061 12.3334940598 43.2404829501 -2.02474879865 27.0708493061 -2.02474879865 248.715762648|
|238|0.00574834252106|166.927746775 188.812167159 232.169500069|29.6929309351 -6.89914477674 -51.2471493929 -6.89914477674 55.8251085513 37.620477092 -51.2471493929 37.620477092 264.484730836|
|239|0.00707876174341|206.161093683 170.452322503 257.428115682|42.762839059 -20.6448588064 -9.43189593305 -20.6448588064 197.514912777 37.0307375764 -9.43189593305 37.0307375764 51.9757556558|
|240|0.00188975054726|183.286328747 232.604208188 234.124303959|67.3604354777 82.6845040045 29.2795672767 82.6845040045 133.831510855 76.9529700962 29.2795672767 76.9529700962 128.35375868|
|241|0.00102983754983|228.137757171 233.595099503 251.945652693|79.8321148581 116.668591801 -12.7714208121 116.668591801 271.424314225 -46.714444505 -12.7714208121 -46.714444505 65.5339300449|
|242|0.00135403200228|237.51169543 249.26321712 211.536581357|73.3554278394 105.937091333 -16.5958522307 105.937091333 202.406634338 36.1245237751 -16.5958522307 36.1245237751 210.894897887|
|243|0.00692422923433|211.238328702 183.746888084 229.697547946|9.86658424549 -6.96621142291 -4.88915615872 -6.96621142291 81.9639504448 2.25786445793 -4.88915615872 2.25786445793 113.901109395|
|244|0.0108544373209|198.851456812 145.957967577 237.474139429|57.9966736928 1.95395773833 33.5884056619 1.95395773833 50.937315224 28.2081602633 33.5884056619 28.2081602633 137.135044194|
|245|0.00177635666613|226.94649075 195.931026957 242.446010261|125.835323743 146.954380456 115.040849322 146.954380456 183.080039157 141.466575717 115.040849322 141.466575717 131.547774626|
|246|0.000417148165903|244.374887609 210.164792878 224.455337999|160.264006451 192.799974092 -90.1699185501 192.799974092 266.114222354 -117.198660216 -90.1699185501 -117.198660216 117.776199789|
|247|0.00119653961491|197.010003045 206.215166459 208.082016143|100.672845632 60.1180657005 -63.9136636709 60.1180657005 271.669622214 14.6008780011 -63.9136636709 14.6008780011 95.1811041957|
|248|0.011067670995|190.569353475 162.260286727 253.229712915|58.3897006491 -19.1960280186 21.574131075 -19.1960280186 54.9448884703 -0.929776113442 21.574131075 -0.929776113442 70.0602241449|
|249|0.00192688919285|218.651289766 244.277722127 258.27540882|681.951187139 279.545684484 -472.317074387 279.545684484 120.318564253 -191.166965703 -472.317074387 -191.166965703 373.657702494|
|250|0.00413467703813|177.661102613 230.388672059 245.018767433|40.0800749192 70.4318982909 -36.8124926764 70.4318982909 542.604834952 56.4202937213 -36.8124926764 56.4202937213 116.818687038|
|251|0.00135396218237|254.907255348 261.801025977 216.556822344|98.6495033484 -54.6754010726 -110.228890294 -54.6754010726 115.703431069 12.5947163547 -110.228890294 12.5947163547 266.873196903|
|252|0.00112691238813|209.18805764 247.593529576 264.095030048|110.992151995 -13.6431000419 25.7323767218 -13.6431000419 324.09721407 183.485807046 25.7323767218 183.485807046 142.355901618|
|253|0.0023474794748|270.32433468 250.258302451 213.172119055|16.4237602054 -20.5067301131 -98.690927297 -20.5067301131 56.839500543 239.851312985 -98.690927297 239.851312985 1295.04797735|
|254|0.00564771227255|179.709570182 172.416192073 192.875330782|257.012157731 99.6742892456 -97.8828090961 99.6742892456 65.1788710823 -27.9290612052 -97.8828090961 -27.9290612052 91.5089679005|
|255|0.00122744987742|206.887350665 187.429972745 245.253075668|109.398295937 111.457557431 -0.161711179302 111.457557431 312.195759082 68.012153871 -0.161711179302 68.012153871 81.1978814717|
