|0|8828.67632777|201.540133231 248.686036269 175.474885011|144.661659856 23.62106392 83.2241414384 23.62106392 269.869357396 77.7714291692 83.2241414384 77.7714291692 130.44683768|
|1|21172.7246546|177.845911513 235.863215055 186.521535823|188.111475028 34.1106616355 50.8843516841 34.1106616355 276.420413659 65.5718700432 50.8843516841 65.5718700432 204.459293873|
|0|40553.530598|186.490645003 236.63975114 221.957397683|192.178098105 -19.0727125957 6.71347019674 -19.0727125957 243.313055192 51.98463085 6.71347019674 51.98463085 330.625132836|
|0|21099.7063187|199.51696378 145.083184377 178.425964117|298.886571774 20.49088636 115.742744266 20.49088636 190.477050333 -59.3377370755 115.742744266 -59.3377370755 334.03796984|
|1|8834.42417054|207.08924481 142.672402753 215.255204699|198.19158462 -2.61275714309 89.1610486747 -2.61275714309 152.157789737 -70.3935641059 89.1610486747 -70.3935641059 166.761274702|
|0|11037.8053536|233.859050984 184.39169524 187.130263147|173.370829361 24.040360465 80.5946203007 24.040360465 176.292042721 41.2498810222 80.5946203007 41.2498810222 118.866264083|
|1|19727.340262|235.602325716 175.124385668 159.142686514|187.694163026 2.10154852707 54.2090526442 2.10154852707 224.658284343 -10.7164731303 54.2090526442 -10.7164731303 186.13451746|
|0|14150.249279|250.429140985 161.13352 182.086149779|282.694723561 31.2601616335 19.420878454 31.2601616335 128.099555687 45.5048347865 19.420878454 45.5048347865 155.937889737|
|1|18662.4732992|240.655689907 151.078401689 210.989349723|272.437275916 17.902604456 3.38411624009 17.902604456 140.889548123 29.7179683147 3.38411624009 29.7179683147 213.856112365|
|0|17104.7440395|219.708910951 205.288975492 221.789877111|173.716760491 -102.239934069 52.0338808494 -102.239934069 252.038416785 -56.0770812481 52.0338808494 -56.0770812481 160.001294212|
|1|12371.01105|231.235999895 200.879178349 193.243445897|158.436447339 -65.3022589912 54.2716602329 -65.3022589912 208.677352529 -13.0859349279 54.2716602329 -13.0859349279 114.353623756|
|0|17963.1002817|215.406700428 171.698369591 188.200334234|148.04607426 -53.2972308508 -61.4032030645 -53.2972308508 217.257606731 20.6135517878 -61.4032030645 20.6135517878 275.259263219|
|1|10639.2647194|187.882319319 186.306615571 198.256117484|86.8640470449 -23.8804129058 -36.346342089 -23.8804129058 169.44448676 -20.7458723038 -36.346342089 -20.7458723038 295.933405476|
|0|20899.2018205|190.90914313 186.791585398 138.826742245|229.346847463 47.5321000086 -30.4083272808 47.5321000086 220.978511281 -67.5643527668 -30.4083272808 -67.5643527668 252.840853367|
|1|9745.16036824|219.987614535 180.463523575 144.240608543|106.103715441 64.294059033 -31.8712573646 64.294059033 234.164924398 -36.4304269981 -31.8712573646 -36.4304269981 210.387557841|
|0|12208.7808617|178.484568928 201.678140116 170.216120715|131.434772833 -49.9265950476 38.7518144639 -49.9265950476 179.392699101 -33.4836623023 38.7518144639 -33.4836623023 171.372186454|
|1|26179.6116766|210.11028378 212.91905482 162.496256286|247.445931831 -0.908134022689 22.5574025787 -0.908134022689 220.475450826 -38.2386038041 22.5574025787 -38.2386038041 212.137173891|
|0|10504.8044063|210.21679147 216.672014491 219.463313691|150.127449675 40.5082728842 -77.3461286978 40.5082728842 165.811768188 -28.6869248799 -77.3461286978 -28.6869248799 132.986687909|
|1|16065.8052931|208.317072099 217.791077514 249.322732668|142.000037432 0.226141526403 -85.5662795192 0.226141526403 196.797738084 -45.1767096251 -85.5662795192 -45.1767096251 216.141453994|
|0|15711.2350069|226.352721116 166.359057506 211.496233087|136.973805113 15.7608975936 -71.8722987461 15.7608975936 153.016904424 -93.3890034776 -71.8722987461 -93.3890034776 323.140722124|
|1|12120.890459|230.953955846 196.938823369 211.146544485|159.883352576 -4.89649445424 -69.2653241384 -4.89649445424 70.9834313032 40.8911542447 -69.2653241384 40.8911542447 302.577854728|
|2|14041.0861119|227.686828723 178.934809387 246.645852022|138.867426952 -12.5007242768 -57.4592054658 -12.5007242768 219.201889244 38.0135098291 -57.4592054658 38.0135098291 145.047682387|
|0|15469.9724055|226.792174507 230.585559867 234.274261247|59.1894731046 13.7564106087 2.08687197149 13.7564106087 426.452054389 -158.951135618 2.08687197149 -158.951135618 412.936331431|
|1|15459.2299702|209.505533105 222.453858245 243.468272138|52.9365360817 -35.5808956521 10.9167319223 -35.5808956521 304.941686195 -109.099769891 10.9167319223 -109.099769891 328.793338837|
|0|30056.9992483|234.274130563 178.638645678 168.788470539|206.973607496 12.041419457 34.866443304 12.041419457 226.851872916 57.6500655603 34.866443304 57.6500655603 372.79602101|
|0|35214.6305142|245.021026635 155.327704467 198.514375924|324.500944336 35.7349427831 -39.5865575527 35.7349427831 172.837311601 -10.2392996517 -39.5865575527 -10.2392996517 393.740940686|
|0|14766.2707275|190.198881332 164.487850349 259.494189675|135.944873148 -26.2887664987 -14.7972952899 -26.2887664987 85.7183140501 35.2656998727 -14.7972952899 35.2656998727 214.03050645|
|1|11329.9794473|175.429673172 145.180529191 234.007927888|87.6490599786 -24.0359958599 -54.3238430029 -24.0359958599 207.980136813 83.0235293913 -54.3238430029 83.0235293913 132.680334607|
|2|20076.9623669|198.816140251 137.071725062 247.764877328|173.898863925 0.980998728509 -22.6511938865 0.980998728509 109.38264025 63.5146543577 -22.6511938865 63.5146543577 223.112308426|
|0|17681.5944101|185.533071019 205.712176768 241.015304133|88.1248087721 -4.82815773095 -43.4702713038 -4.82815773095 188.249631898 22.2999497817 -43.4702713038 22.2999497817 221.757337998|
|1|10038.7538961|185.706043468 177.740851306 257.699759057|67.2581732923 4.120724575 -26.4697280705 4.120724575 102.274366838 3.72686322422 -26.4697280705 3.72686322422 189.780787629|
|0|29691.5507554|188.48293626 173.499997964 217.627855476|154.030142286 -75.1984383934 -69.0373395721 -75.1984383934 249.985420407 5.65980611677 -69.0373395721 5.65980611677 264.703784604|
|1|10647.5336108|180.573612991 152.722951118 240.825732522|117.205996811 -57.3226419214 -36.8536175773 -57.3226419214 137.802496267 70.8456650284 -36.8536175773 70.8456650284 128.479776927|
|0|10536.9485868|200.941853622 151.563286188 273.379752267|84.91909202 -13.10962945 8.85244543004 -13.10962945 194.234167783 61.5790513339 8.85244543004 61.5790513339 92.0166486988|
|1|17294.5438519|209.048827337 140.096217246 245.706974707|111.284582543 -4.94229643771 -5.71010383541 -4.94229643771 169.743102404 66.9074020063 -5.71010383541 66.9074020063 165.825424143|
|0|11344.4246636|224.167170231 155.198790167 275.005295913|142.621421544 -41.6347119731 -55.8594617585 -41.6347119731 176.088576634 17.6246613824 -55.8594617585 17.6246613824 78.6875434037|
|1|25882.2001332|232.921237773 156.918403621 246.701471719|133.540095277 10.8663239276 -79.6138492635 10.8663239276 323.049509689 10.1646419185 -79.6138492635 10.1646419185 167.727257399|
|0|46548.1812491|227.32987814 180.222967535 221.721553653|189.306871838 10.9438278667 -71.6714792019 10.9438278667 329.577965869 -2.41591050092 -71.6714792019 -2.41591050092 526.460748329|
|0|9649.75129837|184.904124761 245.168513793 243.532006384|205.0197204 21.5990449431 23.2522487335 21.5990449431 115.90608371 -53.1573101301 23.2522487335 -53.1573101301 89.6404911934|
|1|12432.0746466|195.333659738 227.131622532 230.376660723|143.755734746 62.7268696257 -37.4833291688 62.7268696257 120.909247262 21.0549586712 -37.4833291688 21.0549586712 160.746003198|
|2|18678.02139|181.936887127 239.504909237 208.414008716|135.77193958 4.12151724572 16.4497636943 4.12151724572 185.077763978 63.7263425583 16.4497636943 63.7263425583 146.472827348|
|0|123722.057137|210.275318359 143.375008426 238.9753438|561.011935292 87.5513890306 62.5471642995 87.5513890306 206.092069548 43.2702494269 62.5471642995 43.2702494269 457.149050085|
|0|21337.238971|197.139486622 143.591652348 210.708273554|212.126109719 42.3668772711 13.4127113632 42.3668772711 217.249168462 41.5879895085 13.4127113632 41.5879895085 121.046443659|
|0|11612.8065091|201.522746017 198.086880445 225.406049099|328.307506889 19.1801961404 -11.7506509993 19.1801961404 70.4401524122 20.5163524215 -11.7506509993 20.5163524215 125.801529866|
|1|14709.0965862|193.649746882 171.431291023 229.488188112|249.064068478 -54.9929007338 15.143123627 -54.9929007338 105.9329109 -32.8251227214 15.143123627 -32.8251227214 196.995930516|
|2|16056.5142579|224.47967556 181.109336304 246.484671131|192.729058665 -4.01419164206 -57.4422753618 -4.01419164206 178.311779116 13.8729905511 -57.4422753618 13.8729905511 146.438427711|
|0|14415.8883558|179.934003766 165.756883767 246.079966865|102.908063245 27.1798817249 25.860778582 27.1798817249 188.744713349 -32.0065265158 25.860778582 -32.0065265158 144.414504009|
|1|10967.2259954|182.551474216 204.299555069 239.582265242|87.5062523551 57.6486277076 51.8155183908 57.6486277076 224.067058855 122.840079134 51.8155183908 122.840079134 161.742057128|
|2|16575.7596505|190.377256946 187.231704256 269.008692186|98.754025562 31.2460047786 16.7258106027 31.2460047786 383.750266402 -66.4093579875 16.7258106027 -66.4093579875 98.2442019719|
|0|11093.243863|216.967582861 193.737627026 260.481224833|114.042469925 -30.8871153031 -20.323768518 -30.8871153031 134.784096455 25.8286564882 -20.323768518 25.8286564882 93.1881138279|
|1|17909.9421358|205.713559939 164.911293062 277.447439713|164.287541296 -6.3880094551 40.0588489406 -6.3880094551 254.438407451 6.89734641989 40.0588489406 6.89734641989 83.0827573412|
|2|16237.5035665|212.785542359 154.92356265 257.431770126|144.3157477 8.00715210929 27.9556827084 8.00715210929 244.962219565 -35.843228805 27.9556827084 -35.843228805 91.2644530422|
|0|17444.1975599|188.339437333 214.869123708 162.205901057|227.789181524 129.916629224 -37.8032697338 129.916629224 161.530878943 36.3285379323 -37.8032697338 36.3285379323 315.894334074|
|1|13588.4293809|178.052051267 233.269598986 181.731050837|164.348729056 75.7917610028 -11.4753907801 75.7917610028 115.433271904 44.3437595494 -11.4753907801 44.3437595494 323.592291596|
|0|13086.9761696|180.049470833 230.656054662 149.45456538|259.593197305 53.8354909991 -82.9392423826 53.8354909991 261.834823908 55.7700032225 -82.9392423826 55.7700032225 172.373494627|
|1|22167.8504771|177.713856098 225.727124282 112.74052909|271.149000924 54.2107114498 -20.8035657441 54.2107114498 312.330403001 60.8611841615 -20.8035657441 60.8611841615 298.009450615|
