1 c4o5pB_.1.pdb 1 25 10 461
2 c4m0mA_.2.pdb 0.967 23 38 294
3 d1ei9a_.3.pdb 0.697 19 147 207
4 c2vsqA_.4.pdb 0.673 19 167 246
5 c3og9A_.5.pdb 0.672 20 147 207
6 d2h1ia1.6.pdb 0.642 16 158 207
7 c5f2hA_.7.pdb 0.631 20 161 207
8 c3ajaA_.8.pdb 0.628 24 158 210
9 c2cbgA_.9.pdb 0.607 17 168 246
10 c4zxiA_.10.pdb 0.537 18 165 246
11 d1jmkc_.11.pdb 0.532 17 168 246
12 d3b5ea1.12.pdb 0.515 11 158 207
13 c2zyiB_.13.pdb 0.51 23 158 208
14 c2h1iA_.14.pdb 0.479 17 158 203
15 c2r8bA_.15.pdb 0.469 15 161 207
16 c4ijsB_.16.pdb 0.462 13 303 437
17 c3lp5A_.17.pdb 0.45 18 158 209
18 d2r8ba1.18.pdb 0.382 14 158 207
19 c2jbwB_.19.pdb 0.36 16 147 203
20 c3fleB_.20.pdb 0.342 21 161 209
